,Davenport_02_0008,Davenport_06_0008,Davenport_11_0008,Davenport_15_0008,Davenport_19_0008,Framstrait_01_0008,Framstrait_05_0008,Framstrait_09_0008,Framstrait_13_0008,Framstrait_17_0008,Bedford_01_0049,Bedford_07_0049,Bedford_13_0049,Bedford_19_0049,Bedford_25_0049,blank_01_0049,bloomMock_01_0049,bloomMock_02_0049,bloomMock_03_0049,bloomMock_04_0049,bloomMock_05_0049,Davenport_02_0049,Davenport_06_0049,Davenport_11_0049,Davenport_15_0049,Davenport_19_0049,evenMock_01_0049,evenMock_02_0049,evenMock_03_0049,evenMock_04_0049,evenMock_05_0049,Framstrait_01_0049,Framstrait_05_0049,Framstrait_09_0049,Framstrait_13_0049,Framstrait_17_0049,LaJolla_03_0049,LaJolla_09_0049,LaJolla_15_0049,LaJolla_21_0049,LaJolla_27_0049,Plymouth_06_0049,Plymouth_13_0049,Plymouth_19_0049,Plymouth_29_0049,Plymouth_30_0049
Davenport_02_0008,0.0,0.06326992112601589,0.1512814368446002,0.2744794322692316,0.34134445699186766,2.4451672354983627,2.3818157264727198,2.0267477760067245,2.3782931249488315,2.2625241030156045,2.448540887454376,2.2927078901721982,2.201680657272641,2.092117812134932,2.3051402435611887,2.613719613187143,2.8660305153801184,2.073399075546288,2.9331865483318382,2.954313637367924,2.995081839556976,0.548860780137716,0.6000016136631635,0.5439900650528388,0.49381944595465516,0.48666790798483206,3.1347008589943623,3.387965892734502,2.6921867352059445,2.9406066210985253,2.986764452264172,2.589409455799962,2.645925872036936,2.6533765887967324,2.599826812391361,2.653850495701301,2.4474956654224975,2.4829648114845764,2.2684126961257274,2.409242387106291,2.502710366452942,2.4129046841485096,2.426819404631285,2.5306517774240356,2.3679733643248424,2.37089574525388
Davenport_06_0008,0.06326992112601589,0.0,0.11485158964585933,0.26628500272312755,0.3118573552200889,2.4805234053873604,2.4169860873852995,2.05917205485131,2.41400141385903,2.297287342367365,2.445524364861726,2.289020202575034,2.196673056748912,2.0878659078267443,2.302730947573815,2.616373262041372,2.851900614420482,2.050976146224138,2.918199660242399,2.9450743919411693,2.982206627575917,0.5197936524195289,0.5782158372535926,0.5256047034862715,0.45348682129732665,0.4445856012060493,3.1212056135273594,3.371766962327609,2.679950696778972,2.9261649600514086,2.9783699650783477,2.622560101846795,2.6787621932804044,2.6861932485957745,2.6319607863944094,2.685922335191074,2.398564041946896,2.432173453893109,2.219260997087996,2.3597047729912553,2.4515465737235775,2.3963871804245747,2.410145896192127,2.511520558586809,2.3487840519975864,2.3499298578787204
Davenport_11_0008,0.1512814368446002,0.11485158964585933,0.0,0.19810171677967447,0.1995643838354206,2.5925942904635284,2.5286013645570447,2.171410272094136,2.525328727536836,2.408827607419784,2.549705108187979,2.3929458042271565,2.2997833625305826,2.1915321243893526,2.4076963482445444,2.6693635779276663,2.9105716969404525,2.104447995446917,2.9755102305695433,3.00429016922013,3.041945597778823,0.47467745467981226,0.5336972056337508,0.4702419323076112,0.3999703130475706,0.3600889989944182,3.1753952426796492,3.4277336989147034,2.7337675897823392,2.9799375949604174,3.035109984338088,2.736004812677985,2.792300346436138,2.799527725835652,2.7457158771505275,2.799563854036963,2.4282523326311036,2.4561867889409004,2.2500462558756054,2.388200443841231,2.4753413905177584,2.48821075527812,2.5020848957830184,2.6005587818817606,2.4376989392335777,2.4358632440147234
Davenport_15_0008,0.2744794322692316,0.26628500272312755,0.19810171677967447,0.0,0.17636816057528426,2.6769267978419826,2.618500419157557,2.2691314515491245,2.614784233231593,2.5014646989613576,2.672478094777407,2.5127696888258537,2.414314584492845,2.3104139233393086,2.523353670049611,2.8598775279234183,3.106515651539987,2.298327570937586,3.171669160050488,3.2005268605710033,3.237815624718148,0.34658705545106744,0.3814058078794534,0.30213783624513474,0.31615593735815817,0.2865387488490859,3.3726735869880278,3.623898595024188,2.9311491622861983,3.177171670779824,3.2317130651498243,2.81174888115473,2.8690623877039867,2.8827179562385026,2.822715750377877,2.881991185172948,2.5704775071392327,2.5955472171466076,2.3887131783783944,2.528424590381414,2.6118090551000717,2.593052732270992,2.6158218862181837,2.7144210362257213,2.5456488158289168,2.5319434700196326
Davenport_19_0008,0.34134445699186766,0.3118573552200889,0.1995643838354206,0.17636816057528426,0.0,2.7860240348468794,2.723101768195911,2.367808618104944,2.7195532500113266,2.603866168452871,2.73054318126635,2.572369823839976,2.4761074380398522,2.3702638683541335,2.5875634930356513,2.8106236754317053,3.0533185682435766,2.2389842321845745,3.116107668706066,3.149663478745987,3.186283584991176,0.40779984781198175,0.4592689811593746,0.3811790762346146,0.3335118126385463,0.23284805477438916,3.312604437160815,3.5652855548250577,2.8720200975259527,3.1165976157934385,3.1777471992955744,2.9276445701104525,2.9842682076592473,2.993232558787068,2.937725789259117,2.9931130221159417,2.502791379551872,2.521407861323018,2.3255240766056033,2.4604209777739885,2.539077813878728,2.6429389955669,2.6596821347142523,2.7534755684712087,2.588820473956453,2.578831208328087
Framstrait_01_0008,2.4451672354983627,2.4805234053873604,2.5925942904635284,2.6769267978419826,2.7860240348468794,0.0,0.11200420610806046,0.45467270955385214,0.12286287503859028,0.22120538135500395,1.5481415942444992,1.5350877813350998,1.5728113630019096,1.5245246152300962,1.4980901473259602,2.5725333247511664,2.774352057159324,2.534929193970305,2.849416740438744,2.765862078174416,2.8205534456804213,2.8245778879860572,2.849100393743623,2.842820865578077,2.8173929153622637,2.884059809642135,3.0205660668863015,3.1913896625555664,2.7394019807189656,2.912009284274083,2.8241510075912926,0.2769107693625156,0.3102846751568734,0.25808078059235273,0.308082365262532,0.2902822859149194,3.3338056794308826,3.4466220614821146,3.211097990542007,3.3306856108436578,3.4686358636813037,2.068396366402265,2.056689612553808,2.190872610790053,2.1375070332680277,2.2376257348398254
Framstrait_05_0008,2.3818157264727198,2.4169860873852995,2.5286013645570447,2.618500419157557,2.723101768195911,0.11200420610806046,0.0,0.3759661321589084,0.026852069051588635,0.12484011088040255,1.529149347110026,1.513248174925445,1.5522116519124576,1.496215435120907,1.480793881050024,2.4641996605492653,2.6815908522981062,2.442920478508705,2.757148803955101,2.6697768082204507,2.728539919801642,2.7749691272484607,2.8017663115444957,2.7929295720334903,2.76383180939135,2.826413440102328,2.9264704034591853,3.1034955672098943,2.640532596109956,2.816883639459698,2.726179223616554,0.3808920740210879,0.41318571040230573,0.34886330819298733,0.4063197939546711,0.3810384997678064,3.272362682195673,3.3844186976667445,3.150691737854995,3.269501832473721,3.407802377617406,2.055850640705459,2.038758797490393,2.173784507277409,2.1200188762879475,2.225339383095554
Framstrait_09_0008,2.0267477760067245,2.05917205485131,2.171410272094136,2.2691314515491245,2.367808618104944,0.45467270955385214,0.3759661321589084,0.0,0.3795684664944449,0.25507309776216613,1.3689051514915502,1.319421547835312,1.3385576483161508,1.260148257353493,1.295396002834597,2.2712275607191947,2.476762947905809,2.1457492508582785,2.554424710025063,2.486314238588353,2.5398010866676057,2.425428834340966,2.456922581878052,2.447888809520699,2.408219325866838,2.4690425462013392,2.73996037320085,2.931410999699135,2.4191247274616656,2.611740444505521,2.5444771989819936,0.6510534192669585,0.6972352300493101,0.663784178155257,0.6626875681047364,0.6753248315327839,2.9557440970502604,3.0637432772897633,2.8264090780901827,2.9498294964601106,3.0876301913435586,1.8454533179240633,1.8277451956514605,1.9676686684766813,1.8945195556994547,1.996914880198925
Framstrait_13_0008,2.3782931249488315,2.41400141385903,2.525328727536836,2.614784233231593,2.7195532500113266,0.12286287503859028,0.026852069051588635,0.3795684664944449,0.0,0.12540865685390779,1.55290095501763,1.5359986072722451,1.5743002171243226,1.5171061028991146,1.503944212728835,2.462000289009283,2.6892240550134017,2.4503685135771964,2.764934684188849,2.6753479836503367,2.7361404445844464,2.77377835531694,2.800227884489755,2.7905797518722593,2.7628487340972803,2.824585511647534,2.9330013706090052,3.112263969607382,2.645554508613077,2.823417448366968,2.730692220595554,0.39729261700925755,0.4297705092330165,0.3659057758758416,0.4248691359920086,0.3997727341294884,3.286822058629866,3.3985052784567364,3.164754595278202,3.2837967290817995,3.4221195075591293,2.078460019319328,2.0613129811948583,2.196600711155209,2.1419757424553487,2.2470921003750655
Framstrait_17_0008,2.2625241030156045,2.297287342367365,2.408827607419784,2.5014646989613576,2.603866168452871,0.22120538135500395,0.12484011088040255,0.25507309776216613,0.12540865685390779,0.0,1.4866562317037215,1.460335473315671,1.493798838175588,1.429604809896087,1.4310209707139188,2.384018631313741,2.607248637177867,2.3422478304864343,2.6836918855179652,2.5997009174924965,2.65898905092103,2.6609675774491897,2.6891884140469244,2.67936157031619,2.6476792908612357,2.7085859206828404,2.856811951172515,3.040655413006349,2.5587194218487075,2.7415463317707536,2.655714769536783,0.470849400708157,0.5099644011149721,0.4561995380051732,0.49217069907188565,0.4812321996191725,3.1760948993971527,3.286673580205515,3.0521467753628833,3.172307483059487,3.310565889537,2.001139774721685,1.982989228579249,2.1199231012447184,2.0600346767422426,2.165353355115877
Bedford_01_0049,2.448540887454376,2.445524364861726,2.549705108187979,2.672478094777407,2.73054318126635,1.5481415942444992,1.529149347110026,1.3689051514915502,1.55290095501763,1.4866562317037215,0.0,0.1687529423047633,0.3019297807623182,0.3687751429488397,0.18502256194794717,2.4646479468717426,2.102610123174105,1.7980190825728561,2.160324574928579,2.2419954757826566,2.1691051467324067,2.6984712203559984,2.75233007156427,2.7794308144658495,2.658035114684085,2.7411275483763498,2.401276475737342,2.453478835942689,2.192443352369392,2.278555199836654,2.3494136933930005,1.5063876779613432,1.5142386643269445,1.5102063432533834,1.46609565413405,1.4780238707894455,2.0858423422460595,2.210498446000847,1.998933902682721,2.093089521033852,2.2213710177081603,0.6513394282001828,0.5857987736616329,0.6945550017078862,0.7175826200221294,0.8779919187060028
Bedford_07_0049,2.2927078901721982,2.289020202575034,2.3929458042271565,2.5127696888258537,2.572369823839976,1.5350877813350998,1.513248174925445,1.319421547835312,1.5359986072722451,1.460335473315671,0.1687529423047633,0.0,0.14037996682414253,0.20325649641162347,0.07262590181398228,2.455195658720796,2.122357013337353,1.7495948125872283,2.182381205854592,2.2663263169915147,2.198133951971185,2.533135557471857,2.5865157706379613,2.614804400194554,2.493975412911961,2.5789953776816152,2.4293041895786356,2.497741853260878,2.194030633645767,2.295665886973072,2.371385420475692,1.5030374478268602,1.5172892632074582,1.5187919351221946,1.465526683030192,1.486975505649124,2.0158000082113143,2.1381802238236145,1.9159188909516323,2.0189630472782647,2.148572270988932,0.5870346934468191,0.5366379996944288,0.6659916057363886,0.6450320181012867,0.7956193268625731
Bedford_13_0049,2.201680657272641,2.196673056748912,2.2997833625305826,2.414314584492845,2.4761074380398522,1.5728113630019096,1.5522116519124576,1.3385576483161508,1.5743002171243226,1.493798838175588,0.3019297807623182,0.14037996682414253,0.0,0.1309874122096447,0.1461623638062812,2.5104360933463568,2.1884198174849376,1.7630557901773694,2.2489665087037443,2.3389240915262626,2.2707832456246413,2.4218831907259686,2.474164299560648,2.5056044805420323,2.385315837609826,2.4742523789206703,2.500476904847644,2.575637500463806,2.2499575718991123,2.359576611807773,2.4428375009808394,1.5397418598596522,1.55813573960349,1.5671420469727735,1.5038825887144234,1.5344974789505752,1.9698171012788834,2.089709874794536,1.859856899913935,1.9694066004026698,2.0981410750821112,0.5172977283944576,0.49058113561874905,0.630597101519311,0.5716460930940197,0.7042675302634697
Bedford_19_0049,2.092117812134932,2.0878659078267443,2.1915321243893526,2.3104139233393086,2.3702638683541335,1.5245246152300962,1.496215435120907,1.260148257353493,1.5171061028991146,1.429604809896087,0.3687751429488397,0.20325649641162347,0.1309874122096447,0.0,0.22505394725564767,2.406132274186616,2.116628648757329,1.6686020065328742,2.179485579156109,2.2625189827418497,2.202566369952415,2.330239798676006,2.383944618569595,2.411870186308708,2.290866029883532,2.3759804803171414,2.430968637574848,2.521147713209235,2.1641561376479506,2.2852539276559876,2.3635438583482955,1.5130755153452036,1.5348866477864254,1.5391537606971877,1.4801170299515594,1.5096402093912056,1.9393956679197963,2.058246828508132,1.8245474865334894,1.9378247801940418,2.069364025934815,0.6080308159658381,0.5742947179725796,0.7150135594100152,0.6435212395789591,0.776036165864037
Bedford_25_0049,2.3051402435611887,2.302730947573815,2.4076963482445444,2.523353670049611,2.5875634930356513,1.4980901473259602,1.480793881050024,1.295396002834597,1.503944212728835,1.4310209707139188,0.18502256194794717,0.07262590181398228,0.1461623638062812,0.22505394725564767,0.0,2.506745467542032,2.18805467903153,1.8155804185125461,2.2485609531428215,2.3283039616268844,2.26282732636813,2.5414672913280865,2.592788783486793,2.621960156887294,2.505707440256231,2.5932922072271656,2.49415999600754,2.5637055331064467,2.2578083454562763,2.3612834963910143,2.4326502298597266,1.4559178076709185,1.4698924043608625,1.4755885485505664,1.4177405718797789,1.4422490843989828,2.076851243229809,2.1986725813025716,1.9744813393756881,2.079138084274858,2.2082035823095136,0.6002665330156851,0.564435113583149,0.6945905495596798,0.6682519576679934,0.8074381077387908
blank_01_0049,2.613719613187143,2.616373262041372,2.6693635779276663,2.8598775279234183,2.8106236754317053,2.5725333247511664,2.4641996605492653,2.2712275607191947,2.462000289009283,2.384018631313741,2.4646479468717426,2.455195658720796,2.5104360933463568,2.406132274186616,2.506745467542032,0.0,0.9729914559884456,1.2220703152971215,1.0197797066089132,0.7866779731694222,0.9942952830133724,3.105407218018524,3.1793820066900262,3.1332497585715817,3.0049763044130815,2.965654803392374,1.002782977797229,1.33386270643858,0.7263449585103829,0.9313990935561864,0.7201271705584116,2.7957693827485497,2.813989095209638,2.722338864622258,2.796038383553167,2.744250728434191,2.61147211580541,2.679309898771018,2.5915230669300318,2.628155508133083,2.7321099263282367,2.8390676431885193,2.729071126080603,2.8004750026157947,2.8011347373391535,2.965009780087122
bloomMock_01_0049,2.8660305153801184,2.851900614420482,2.9105716969404525,3.106515651539987,3.0533185682435766,2.774352057159324,2.6815908522981062,2.476762947905809,2.6892240550134017,2.607248637177867,2.102610123174105,2.122357013337353,2.1884198174849376,2.116628648757329,2.18805467903153,0.9729914559884456,0.0,0.8662868628826007,0.08005181069398938,0.2792947518141372,0.14261550225134062,3.2657048160854845,3.348933730547472,3.328312418752738,3.159847084912576,3.1461262749444048,0.32425820813407374,0.5315471963159665,0.29733377975479774,0.17885046604001473,0.3828088970824353,2.928731598649309,2.9398027269813602,2.8604443465140776,2.912360913373065,2.8664565891042586,1.9822454475315214,2.058549761838291,2.018314451198309,2.015266699463192,2.108649534066516,2.3753876752916,2.2461217688285644,2.2732328950783014,2.323145737551768,2.494274177571689
bloomMock_02_0049,2.073399075546288,2.050976146224138,2.104447995446917,2.298327570937586,2.2389842321845745,2.534929193970305,2.442920478508705,2.1457492508582785,2.4503685135771964,2.3422478304864343,1.7980190825728561,1.7495948125872283,1.7630557901773694,1.6686020065328742,1.8155804185125461,1.2220703152971215,0.8662868628826007,0.0,0.9189881835027233,1.05022659195529,1.007893059023957,2.4299387771025382,2.515434136772884,2.500075912138177,2.3214849511909543,2.3107386926120075,1.1511061217537042,1.3485910336655549,0.7813584653523676,0.9522098285355953,1.1153956757458692,2.687021774063935,2.7132904239571647,2.6582510034560953,2.673048778236483,2.6584907125342645,1.402061833430112,1.4769502155480754,1.3717126525399606,1.4158898887609612,1.5275772917463055,1.9236841760856855,1.8196400889963673,1.8636283552470334,1.8497513593530797,1.9864800629118138
bloomMock_03_0049,2.9331865483318382,2.918199660242399,2.9755102305695433,3.171669160050488,3.116107668706066,2.849416740438744,2.757148803955101,2.554424710025063,2.764934684188849,2.6836918855179652,2.160324574928579,2.182381205854592,2.2489665087037443,2.179485579156109,2.2485609531428215,1.0197797066089132,0.08005181069398938,0.9189881835027233,0.0,0.2963075286483492,0.12070674091349817,3.3286003584655854,3.4123196860929124,3.39199604697867,3.221836094339388,3.207202630974819,0.2687146509714896,0.4584557164973018,0.3428213571656361,0.14756579516819132,0.39054370848403225,3.0019936648248593,3.012467110267579,2.9329476028899015,2.9851965252340187,2.9387251350978127,1.995327942231912,2.0692459941128516,2.038793724793959,2.0297790402703955,2.1193621374841762,2.4248639705886186,2.294726561434063,2.31782355391027,2.3714405479441694,2.542032386821208
bloomMock_04_0049,2.954313637367924,2.9450743919411693,3.00429016922013,3.2005268605710033,3.149663478745987,2.765862078174416,2.6697768082204507,2.486314238588353,2.6753479836503367,2.5997009174924965,2.2419954757826566,2.2663263169915147,2.3389240915262626,2.2625189827418497,2.3283039616268844,0.7866779731694222,0.2792947518141372,1.05022659195529,0.2963075286483492,0.0,0.22398418980679563,3.3834896934655267,3.464740022049369,3.437797005068052,3.2788449066144936,3.2596315310141923,0.2771803587541296,0.5721445845114763,0.3136635654421876,0.24876065318117938,0.1231501409566574,2.9355351255322635,2.9450628891283332,2.8580494023796255,2.922384900355304,2.868776422286842,2.2493931699512184,2.3246065488262198,2.2784166459131043,2.280617532631403,2.3754178781885327,2.5686370343292277,2.4401625928762547,2.476715561980754,2.524092881954513,2.699560082366198
bloomMock_05_0049,2.995081839556976,2.982206627575917,3.041945597778823,3.237815624718148,3.186283584991176,2.8205534456804213,2.728539919801642,2.5398010866676057,2.7361404445844464,2.65898905092103,2.1691051467324067,2.198133951971185,2.2707832456246413,2.202566369952415,2.26282732636813,0.9942952830133724,0.14261550225134062,1.007893059023957,0.12070674091349817,0.22398418980679563,0.0,3.4005786135195666,3.483332211282099,3.4621171019902683,3.29542974953958,3.2818429272390044,0.2323010966710674,0.42748262250383906,0.3827801318638376,0.19079023353966948,0.3288407874742798,2.974018175522229,2.9826316682745713,2.900083977780747,2.9574227262038453,2.9069710456662707,2.1010427148680133,2.1776315940030435,2.142760150999947,2.1357415150451846,2.2271504562311097,2.4619801781622277,2.3306641225096802,2.3560132177641107,2.413628680268771,2.5882407122811917
Davenport_02_0049,0.548860780137716,0.5197936524195289,0.47467745467981226,0.34658705545106744,0.40779984781198175,2.8245778879860572,2.7749691272484607,2.425428834340966,2.77377835531694,2.6609675774491897,2.6984712203559984,2.533135557471857,2.4218831907259686,2.330239798676006,2.5414672913280865,3.105407218018524,3.2657048160854845,2.4299387771025382,3.3286003584655854,3.3834896934655267,3.4005786135195666,0.0,0.08987018187617403,0.1252162473232523,0.12646712217654174,0.23780594811282266,3.5429046540710063,3.773907643252277,3.111473801801097,3.3444254714512622,3.423467315769262,2.9314666373585068,2.9882475143087426,3.0122360624500444,2.9385742176217513,3.0059469957598197,2.5103285962457407,2.5292157448657133,2.322378852305052,2.464077808618523,2.538341437241035,2.53854312741942,2.575446126939037,2.6643332689368564,2.487849678966479,2.448709855543882
Davenport_06_0049,0.6000016136631635,0.5782158372535926,0.5336972056337508,0.3814058078794534,0.4592689811593746,2.849100393743623,2.8017663115444957,2.456922581878052,2.800227884489755,2.6891884140469244,2.75233007156427,2.5865157706379613,2.474164299560648,2.383944618569595,2.592788783486793,3.1793820066900262,3.348933730547472,2.515434136772884,3.4123196860929124,3.464740022049369,3.483332211282099,0.08987018187617403,0.0,0.09788018597657469,0.2137653800422712,0.3044485075450016,3.626461606265762,3.8584465961648493,3.1941287774006852,3.428233171676932,3.5044813975822873,2.953219965066624,3.010380584810147,3.0368009082907736,2.9611490863500873,3.030491739646082,2.5925674659838043,2.611380861409839,2.403910322559176,2.546034009480657,2.6197102522051123,2.592111285889795,2.632260408340361,2.7221235938721198,2.543895455233177,2.5012882728806796
Davenport_11_0049,0.5439900650528388,0.5256047034862715,0.4702419323076112,0.30213783624513474,0.3811790762346146,2.842820865578077,2.7929295720334903,2.447888809520699,2.7905797518722593,2.67936157031619,2.7794308144658495,2.614804400194554,2.5056044805420323,2.411870186308708,2.621960156887294,3.1332497585715817,3.328312418752738,2.500075912138177,3.39199604697867,3.437797005068052,3.4621171019902683,0.1252162473232523,0.09788018597657469,0.0,0.21116608348932217,0.26088246372685747,3.6017565978879262,3.839945886951898,3.1662730671912724,3.4041127653135086,3.4744616608447343,2.955231128209513,3.012674376280508,3.03628427774413,2.9643997983635106,3.031625585869518,2.6227228592139724,2.641524965511925,2.435830624294427,2.5769184089180137,2.6517513651390265,2.6383910871538996,2.674672121748131,2.76664746364406,2.590252660059631,2.55394486312423
Davenport_15_0049,0.49381944595465516,0.45348682129732665,0.3999703130475706,0.31615593735815817,0.3335118126385463,2.8173929153622637,2.76383180939135,2.408219325866838,2.7628487340972803,2.6476792908612357,2.658035114684085,2.493975412911961,2.385315837609826,2.290866029883532,2.505707440256231,3.0049763044130815,3.159847084912576,2.3214849511909543,3.221836094339388,3.2788449066144936,3.29542974953958,0.12646712217654174,0.2137653800422712,0.21116608348932217,0.0,0.14495470810188832,3.434526807170282,3.6661216457574786,3.0035435140969824,3.235794447641709,3.317836659620525,2.930638471094692,2.9869091182487075,3.0066220787404943,2.93699569090356,3.000894865573037,2.414913603805564,2.432667194224333,2.229036908467723,2.36909864586658,2.443434582237593,2.5021019561092697,2.5331510132208184,2.6205054204735307,2.4474201379491687,2.414610069066112
Davenport_19_0049,0.48666790798483206,0.4445856012060493,0.3600889989944182,0.2865387488490859,0.23284805477438916,2.884059809642135,2.826413440102328,2.4690425462013392,2.824585511647534,2.7085859206828404,2.7411275483763498,2.5789953776816152,2.4742523789206703,2.3759804803171414,2.5932922072271656,2.965654803392374,3.1461262749444048,2.3107386926120075,3.207202630974819,3.2596315310141923,3.2818429272390044,0.23780594811282266,0.3044485075450016,0.26088246372685747,0.14495470810188832,0.0,3.4130049898273254,3.6515628215541516,2.979445888385718,3.2147297600934968,3.29382980954648,3.008097571602528,3.064443003345637,3.079818839527848,3.0155137929964035,3.076026872158431,2.439697151190888,2.453380525736135,2.258065355199725,2.394257169470625,2.466364372732676,2.5990249747427225,2.6242846670463087,2.7112201566102745,2.5416952490209113,2.5155678200910687
evenMock_01_0049,3.1347008589943623,3.1212056135273594,3.1753952426796492,3.3726735869880278,3.312604437160815,3.0205660668863015,2.9264704034591853,2.73996037320085,2.9330013706090052,2.856811951172515,2.401276475737342,2.4293041895786356,2.500476904847644,2.430968637574848,2.49415999600754,1.002782977797229,0.32425820813407374,1.1511061217537042,0.2687146509714896,0.2771803587541296,0.2323010966710674,3.5429046540710063,3.626461606265762,3.6017565978879262,3.434526807170282,3.4130049898273254,0.0,0.3398970449917244,0.45035554835091246,0.20035001432594685,0.29766708338217823,3.1815608226237684,3.190195203967514,3.1051175844336387,3.166381296183003,3.113826074263689,2.224788173784304,2.291986967756837,2.2768340644948304,2.2602476681125983,2.3428577646381044,2.6856184496193936,2.5544656568695583,2.576990405056225,2.6344541151016956,2.8067174313200183
evenMock_02_0049,3.387965892734502,3.371766962327609,3.4277336989147034,3.623898595024188,3.5652855548250577,3.1913896625555664,3.1034955672098943,2.931410999699135,3.112263969607382,3.040655413006349,2.453478835942689,2.497741853260878,2.575637500463806,2.521147713209235,2.5637055331064467,1.33386270643858,0.5315471963159665,1.3485910336655549,0.4584557164973018,0.5721445845114763,0.42748262250383906,3.773907643252277,3.8584465961648493,3.839945886951898,3.6661216457574786,3.6515628215541516,0.3398970449917244,0.0,0.7565050856137243,0.4829734038250909,0.6153391110045093,3.33141317471158,3.3358969528145903,3.252699276816894,3.312039344692544,3.2579496270221404,2.240248952903673,2.3078041155413573,2.315834274751057,2.2818518728775437,2.355471330249078,2.715258257061028,2.5799479515770067,2.585543306697732,2.6645557055066624,2.837568920167439
evenMock_03_0049,2.6921867352059445,2.679950696778972,2.7337675897823392,2.9311491622861983,2.8720200975259527,2.7394019807189656,2.640532596109956,2.4191247274616656,2.645554508613077,2.5587194218487075,2.192443352369392,2.194030633645767,2.2499575718991123,2.1641561376479506,2.2578083454562763,0.7263449585103829,0.29733377975479774,0.7813584653523676,0.3428213571656361,0.3136635654421876,0.3827801318638376,3.111473801801097,3.1941287774006852,3.1662730671912724,3.0035435140969824,2.979445888385718,0.45035554835091246,0.7565050856137243,0.0,0.27633045934448,0.3439049980486176,2.915250949538927,2.930815998755815,2.850424257343049,2.903518452085921,2.8600141911851327,2.0380299351351305,2.107483483366299,2.055817366952512,2.064738077024925,2.1600517523237035,2.4694021313158587,2.346873050513569,2.3871232373141393,2.415176224259715,2.5804616819286457
evenMock_04_0049,2.9406066210985253,2.9261649600514086,2.9799375949604174,3.177171670779824,3.1165976157934385,2.912009284274083,2.816883639459698,2.611740444505521,2.823417448366968,2.7415463317707536,2.278555199836654,2.295665886973072,2.359576611807773,2.2852539276559876,2.3612834963910143,0.9313990935561864,0.17885046604001473,0.9522098285355953,0.14756579516819132,0.24876065318117938,0.19079023353966948,3.3444254714512622,3.428233171676932,3.4041127653135086,3.235794447641709,3.2147297600934968,0.20035001432594685,0.4829734038250909,0.27633045934448,0.0,0.30210047081190816,3.0746748993633815,3.0862889935908924,3.004828716097882,3.059889855274447,3.012630408317146,2.069441687674428,2.1376646378145208,2.1115669235213415,2.102365333602499,2.189222273191084,2.5456257388688925,2.417200776303479,2.4436184516917816,2.490997625958718,2.6596800846368303
evenMock_05_0049,2.986764452264172,2.9783699650783477,3.035109984338088,3.2317130651498243,3.1777471992955744,2.8241510075912926,2.726179223616554,2.5444771989819936,2.730692220595554,2.655714769536783,2.3494136933930005,2.371385420475692,2.4428375009808394,2.3635438583482955,2.4326502298597266,0.7201271705584116,0.3828088970824353,1.1153956757458692,0.39054370848403225,0.1231501409566574,0.3288407874742798,3.423467315769262,3.5044813975822873,3.4744616608447343,3.317836659620525,3.29382980954648,0.29766708338217823,0.6153391110045093,0.3439049980486176,0.30210047081190816,0.0,3.0014214906202223,3.0114073265579733,2.9224779681742485,2.98991706784174,2.9349945062627874,2.334975411020412,2.4064856302828574,2.3636245925241384,2.365358620065774,2.458170904772238,2.680479483684211,2.553051976170157,2.5917544058043105,2.635706312485871,2.8102387701739766
Framstrait_01_0049,2.589409455799962,2.622560101846795,2.736004812677985,2.81174888115473,2.9276445701104525,0.2769107693625156,0.3808920740210879,0.6510534192669585,0.39729261700925755,0.470849400708157,1.5063876779613432,1.5030374478268602,1.5397418598596522,1.5130755153452036,1.4559178076709185,2.7957693827485497,2.928731598649309,2.687021774063935,3.0019936648248593,2.9355351255322635,2.974018175522229,2.9314666373585068,2.953219965066624,2.955231128209513,2.930638471094692,3.008097571602528,3.1815608226237684,3.33141317471158,2.915250949538927,3.0746748993633815,3.0014214906202223,0.0,0.05946592365123752,0.14274424731265098,0.050270914842473376,0.12307896320820427,3.3938552238118653,3.509120688947952,3.2712322366767816,3.390868623417729,3.5274004230857297,2.008040912169191,2.0078678472584137,2.1376564148596,2.089043823061202,2.1781469466629524
Framstrait_05_0049,2.645925872036936,2.6787621932804044,2.792300346436138,2.8690623877039867,2.9842682076592473,0.3102846751568734,0.41318571040230573,0.6972352300493101,0.4297705092330165,0.5099644011149721,1.5142386643269445,1.5172892632074582,1.55813573960349,1.5348866477864254,1.4698924043608625,2.813989095209638,2.9398027269813602,2.7132904239571647,3.012467110267579,2.9450628891283332,2.9826316682745713,2.9882475143087426,3.010380584810147,3.012674376280508,2.9869091182487075,3.064443003345637,3.190195203967514,3.3358969528145903,2.930815998755815,3.0862889935908924,3.0114073265579733,0.05946592365123752,0.0,0.11717288546368938,0.060048875107842035,0.08954595450946835,3.421169954809228,3.5372540161163872,3.3007653322118045,3.41897725607224,3.5554938648087795,2.023787740695514,2.0223454519302413,2.1504261780030847,2.106521940441805,2.1974048332399434
Framstrait_09_0049,2.6533765887967324,2.6861932485957745,2.799527725835652,2.8827179562385026,2.993232558787068,0.25808078059235273,0.34886330819298733,0.663784178155257,0.3659057758758416,0.4561995380051732,1.5102063432533834,1.5187919351221946,1.5671420469727735,1.5391537606971877,1.4755885485505664,2.722338864622258,2.8604443465140776,2.6582510034560953,2.9329476028899015,2.8580494023796255,2.900083977780747,3.0122360624500444,3.0368009082907736,3.03628427774413,3.0066220787404943,3.079818839527848,3.1051175844336387,3.252699276816894,2.850424257343049,3.004828716097882,2.9224779681742485,0.14274424731265098,0.11717288546368938,0.0,0.1474693352269379,0.05171377618523777,3.406423416282183,3.5229288856639465,3.289708917683108,3.4055360735649196,3.5427741345649877,2.0437850005184535,2.034478507357568,2.162311031800597,2.1237206509194895,2.2234132996743887
Framstrait_13_0049,2.599826812391361,2.6319607863944094,2.7457158771505275,2.822715750377877,2.937725789259117,0.308082365262532,0.4063197939546711,0.6626875681047364,0.4248691359920086,0.49217069907188565,1.46609565413405,1.465526683030192,1.5038825887144234,1.4801170299515594,1.4177405718797789,2.796038383553167,2.912360913373065,2.673048778236483,2.9851965252340187,2.922384900355304,2.9574227262038453,2.9385742176217513,2.9611490863500873,2.9643997983635106,2.93699569090356,3.0155137929964035,3.166381296183003,3.312039344692544,2.903518452085921,3.059889855274447,2.98991706784174,0.050270914842473376,0.060048875107842035,0.1474693352269379,0.0,0.11145564425792866,3.368005459249541,3.483869339370284,3.2465664580326004,3.3654269370465744,3.5017797440602907,1.9695851450777486,1.9692537980738267,2.098093565871239,2.0518065708525843,2.1415157608260835
Framstrait_17_0049,2.653850495701301,2.685922335191074,2.799563854036963,2.881991185172948,2.9931130221159417,0.2902822859149194,0.3810384997678064,0.6753248315327839,0.3997727341294884,0.4812321996191725,1.4780238707894455,1.486975505649124,1.5344974789505752,1.5096402093912056,1.4422490843989828,2.744250728434191,2.8664565891042586,2.6584907125342645,2.9387251350978127,2.868776422286842,2.9069710456662707,3.0059469957598197,3.030491739646082,3.031625585869518,3.000894865573037,3.076026872158431,3.113826074263689,3.2579496270221404,2.8600141911851327,3.012630408317146,2.9349945062627874,0.12307896320820427,0.08954595450946835,0.05171377618523777,0.11145564425792866,0.0,3.3870092060443917,3.5038153439444915,3.2700872569293407,3.3860424670615914,3.522968814406269,2.006717079292028,1.9993056642413514,2.1266080416797113,2.088150247973778,2.1860179664398465
LaJolla_03_0049,2.4474956654224975,2.398564041946896,2.4282523326311036,2.5704775071392327,2.502791379551872,3.3338056794308826,3.272362682195673,2.9557440970502604,3.286822058629866,3.1760948993971527,2.0858423422460595,2.0158000082113143,1.9698171012788834,1.9393956679197963,2.076851243229809,2.61147211580541,1.9822454475315214,1.402061833430112,1.995327942231912,2.2493931699512184,2.1010427148680133,2.5103285962457407,2.5925674659838043,2.6227228592139724,2.414913603805564,2.439697151190888,2.224788173784304,2.240248952903673,2.0380299351351305,2.069441687674428,2.334975411020412,3.3938552238118653,3.421169954809228,3.406423416282183,3.368005459249541,3.3870092060443917,0.0,0.12766716414849055,0.19655490619069635,0.05619188494431371,0.15162541020989798,1.749050416008757,1.692361376246128,1.6475880209532314,1.6309846753560278,1.6596006128140428
LaJolla_09_0049,2.4829648114845764,2.432173453893109,2.4561867889409004,2.5955472171466076,2.521407861323018,3.4466220614821146,3.3844186976667445,3.0637432772897633,3.3985052784567364,3.286673580205515,2.210498446000847,2.1381802238236145,2.089709874794536,2.058246828508132,2.1986725813025716,2.679309898771018,2.058549761838291,1.4769502155480754,2.0692459941128516,2.3246065488262198,2.1776315940030435,2.5292157448657133,2.611380861409839,2.641524965511925,2.432667194224333,2.453380525736135,2.291986967756837,2.3078041155413573,2.107483483366299,2.1376646378145208,2.4064856302828574,3.509120688947952,3.5372540161163872,3.5229288856639465,3.483869339370284,3.5038153439444915,0.12766716414849055,0.0,0.2623157796332402,0.12112602678646898,0.056132623954027586,1.8649440838498983,1.8117870257870445,1.7662477139615367,1.746348574232811,1.7681199480833418
LaJolla_15_0049,2.2684126961257274,2.219260997087996,2.2500462558756054,2.3887131783783944,2.3255240766056033,3.211097990542007,3.150691737854995,2.8264090780901827,3.164754595278202,3.0521467753628833,1.998933902682721,1.9159188909516323,1.859856899913935,1.8245474865334894,1.9744813393756881,2.5915230669300318,2.018314451198309,1.3717126525399606,2.038793724793959,2.2784166459131043,2.142760150999947,2.322378852305052,2.403910322559176,2.435830624294427,2.229036908467723,2.258065355199725,2.2768340644948304,2.315834274751057,2.055817366952512,2.1115669235213415,2.3636245925241384,3.2712322366767816,3.3007653322118045,3.289708917683108,3.2465664580326004,3.2700872569293407,0.19655490619069635,0.2623157796332402,0.0,0.15495075958483637,0.27269720905144484,1.6505528285754136,1.6025265824428685,1.5688530419033417,1.5316627071940434,1.5517650303754686
LaJolla_21_0049,2.409242387106291,2.3597047729912553,2.388200443841231,2.528424590381414,2.4604209777739885,3.3306856108436578,3.269501832473721,2.9498294964601106,3.2837967290817995,3.172307483059487,2.093089521033852,2.0189630472782647,1.9694066004026698,1.9378247801940418,2.079138084274858,2.628155508133083,2.015266699463192,1.4158898887609612,2.0297790402703955,2.280617532631403,2.1357415150451846,2.464077808618523,2.546034009480657,2.5769184089180137,2.36909864586658,2.394257169470625,2.2602476681125983,2.2818518728775437,2.064738077024925,2.102365333602499,2.365358620065774,3.390868623417729,3.41897725607224,3.4055360735649196,3.3654269370465744,3.3860424670615914,0.05619188494431371,0.12112602678646898,0.15495075958483637,0.0,0.13897435716260398,1.748538042747199,1.6953971950218931,1.652821557387564,1.6299490226811342,1.6538141454529554
LaJolla_27_0049,2.502710366452942,2.4515465737235775,2.4753413905177584,2.6118090551000717,2.539077813878728,3.4686358636813037,3.407802377617406,3.0876301913435586,3.4221195075591293,3.310565889537,2.2213710177081603,2.148572270988932,2.0981410750821112,2.069364025934815,2.2082035823095136,2.7321099263282367,2.108649534066516,1.5275772917463055,2.1193621374841762,2.3754178781885327,2.2271504562311097,2.538341437241035,2.6197102522051123,2.6517513651390265,2.443434582237593,2.466364372732676,2.3428577646381044,2.355471330249078,2.1600517523237035,2.189222273191084,2.458170904772238,3.5274004230857297,3.5554938648087795,3.5427741345649877,3.5017797440602907,3.522968814406269,0.15162541020989798,0.056132623954027586,0.27269720905144484,0.13897435716260398,0.0,1.8609388218896858,1.8108393562928653,1.7624859609698782,1.742088176947191,1.7584159104016825
Plymouth_06_0049,2.4129046841485096,2.3963871804245747,2.48821075527812,2.593052732270992,2.6429389955669,2.068396366402265,2.055850640705459,1.8454533179240633,2.078460019319328,2.001139774721685,0.6513394282001828,0.5870346934468191,0.5172977283944576,0.6080308159658381,0.6002665330156851,2.8390676431885193,2.3753876752916,1.9236841760856855,2.4248639705886186,2.5686370343292277,2.4619801781622277,2.53854312741942,2.592111285889795,2.6383910871538996,2.5021019561092697,2.5990249747427225,2.6856184496193936,2.715258257061028,2.4694021313158587,2.5456257388688925,2.680479483684211,2.008040912169191,2.023787740695514,2.0437850005184535,1.9695851450777486,2.006717079292028,1.749050416008757,1.8649440838498983,1.6505528285754136,1.748538042747199,1.8609388218896858,0.0,0.13875939351130137,0.20764744982254402,0.11963005707765098,0.2349829784898972
Plymouth_13_0049,2.426819404631285,2.410145896192127,2.5020848957830184,2.6158218862181837,2.6596821347142523,2.056689612553808,2.038758797490393,1.8277451956514605,2.0613129811948583,1.982989228579249,0.5857987736616329,0.5366379996944288,0.49058113561874905,0.5742947179725796,0.564435113583149,2.729071126080603,2.2461217688285644,1.8196400889963673,2.294726561434063,2.4401625928762547,2.3306641225096802,2.575446126939037,2.632260408340361,2.674672121748131,2.5331510132208184,2.6242846670463087,2.5544656568695583,2.5799479515770067,2.346873050513569,2.417200776303479,2.553051976170157,2.0078678472584137,2.0223454519302413,2.034478507357568,1.9692537980738267,1.9993056642413514,1.692361376246128,1.8117870257870445,1.6025265824428685,1.6953971950218931,1.8108393562928653,0.13875939351130137,0.0,0.14335911447230765,0.15385723250663957,0.337076753713403
Plymouth_19_0049,2.5306517774240356,2.511520558586809,2.6005587818817606,2.7144210362257213,2.7534755684712087,2.190872610790053,2.173784507277409,1.9676686684766813,2.196600711155209,2.1199231012447184,0.6945550017078862,0.6659916057363886,0.630597101519311,0.7150135594100152,0.6945905495596798,2.8004750026157947,2.2732328950783014,1.8636283552470334,2.31782355391027,2.476715561980754,2.3560132177641107,2.6643332689368564,2.7221235938721198,2.76664746364406,2.6205054204735307,2.7112201566102745,2.576990405056225,2.585543306697732,2.3871232373141393,2.4436184516917816,2.5917544058043105,2.1376564148596,2.1504261780030847,2.162311031800597,2.098093565871239,2.1266080416797113,1.6475880209532314,1.7662477139615367,1.5688530419033417,1.652821557387564,1.7624859609698782,0.20764744982254402,0.14335911447230765,0.0,0.19007094397355837,0.33562148004880715
Plymouth_29_0049,2.3679733643248424,2.3487840519975864,2.4376989392335777,2.5456488158289168,2.588820473956453,2.1375070332680277,2.1200188762879475,1.8945195556994547,2.1419757424553487,2.0600346767422426,0.7175826200221294,0.6450320181012867,0.5716460930940197,0.6435212395789591,0.6682519576679934,2.8011347373391535,2.323145737551768,1.8497513593530797,2.3714405479441694,2.524092881954513,2.413628680268771,2.487849678966479,2.543895455233177,2.590252660059631,2.4474201379491687,2.5416952490209113,2.6344541151016956,2.6645557055066624,2.415176224259715,2.490997625958718,2.635706312485871,2.089043823061202,2.106521940441805,2.1237206509194895,2.0518065708525843,2.088150247973778,1.6309846753560278,1.746348574232811,1.5316627071940434,1.6299490226811342,1.742088176947191,0.11963005707765098,0.15385723250663957,0.19007094397355837,0.0,0.19425479169436996
