,CN18Sc37_12_Rep_Stdy5_AP,CN18Sc37_12_Rep_Stdy10_AP,CN18Sc37_12_Rep_Stdy14_AP,CN18Sc37_12_Rep_Stdy18_AP,CN18Sc37_12_Rep_Stdy22_AP,NOAA11_AP,NOAA14_AP,NOAA20_AP,NOC2_AP,NOC9_AP,NOC12_AP,NOC31_AP,NOC51_AP,UDalhousie2_AP,UDalhousie8_AP,UDalhousie14_AP,UDalhousie20_AP,UDalhousie26_AP,AWIMOCKEVEN1_AP,AWIMOCKEVEN2_AP,AWIMOCKEVEN3_AP,AWIMOCKEVEN4_AP,AWIMOCKEVEN5_AP
ASV_1,117,406,209,149,493,841,341,410,2859,1946,3041,2249,2529,8480,7880,8518,12776,8803,52142,43074,46288,43104,41615
ASV_2,4,251,2,16,7,8364,6751,6103,1,8,0,2,1,25,22,20,24,24,0,7,0,1,0
ASV_3,12,10,5,3,1,1,174,0,10,10,2,2,5,0,5,6,4,3,0,3,11,0,3
ASV_4,4,183,0,7,2,9219,6711,8152,15,0,31,3,4,49,47,26,29,23,15,1,6,3,1
ASV_5,40,114,21,6,457,2522,936,1831,9,7,6,4,5,7,6,6,13,11,38,11,15,22,13
ASV_6,1878,965,1446,1736,2179,320,263,205,3224,1530,2681,1316,3291,1550,1724,1449,1205,834,3,1,0,1,3
ASV_7,0,31,1,1,4,0,1988,4,1,1,0,2,0,0,0,1,3,4,0,0,1,1,0
ASV_8,1137,18,1,2,1,2436,1,0,2,1,0,0,0,0,1,0,2,2,0,0,2,0,0
ASV_9,1,38,4,9,249,702,1486,4265,15666,13013,13015,10579,16788,157,726,236,400,292,4,1,9,0,0
ASV_10,0,0,0,0,0,8,0,0,0,0,1,6,0,0,0,0,1,0,0,2,0,0,0
ASV_11,159,44,82,45,138,0,0,2,1,0,0,1,1,1,1,1,2,0,1,0,0,1,0
ASV_12,161,80,60,230,222,0,3,0,1,1,0,0,0,0,8,2,2,1,0,0,1,0,0
ASV_13,21,113,8,233,313,0,3,0,4,2,0,1,3,0,0,3,7,2,0,3,10,0,4
ASV_14,4,5,6,3,1,1,11,4,12,6,7,5,2,2,2,2,5,2,5,0,0,0,1
ASV_15,4,0,0,4,1,1,1,0,0,0,0,0,8,0,0,0,0,0,0,0,2,0,0
ASV_16,1,375,108,2585,63,0,0,1,0,2,0,0,0,0,0,0,0,0,0,0,0,0,0
ASV_17,0,3,2,0,2,0,3,0,0,0,1,0,2,3,2,1,2,1,0,0,3,0,0
ASV_18,2,15,3,0,2,122,377,172,5,3,19,0,5,0,1,2,3,0,0,1,0,0,1
ASV_20,0,43,0,0,0,0,5528,0,0,0,0,0,0,0,0,0,0,0,0,0,0,0,0
ASV_21,0,0,0,10,0,2,0,0,0,10,0,0,1,0,0,1,0,9,0,0,0,0,0
ASV_22,0,0,3,3,4,2,1,1,1,2,4,2,0,1,1,0,0,3,2,0,1,4,3
ASV_23,26,13,19,22,19,0,0,0,431,147,321,91,429,425,469,232,308,260,0,0,0,2,1
ASV_24,95,162,165,62,106,167,48,88,0,0,0,0,0,0,0,0,0,0,0,0,0,0,0
ASV_25,0,0,0,0,0,0,4,0,0,0,0,0,2,0,0,0,0,0,2,0,0,0,5
ASV_26,0,1,1,0,0,0,0,0,111,202,114,141,160,0,2,0,0,0,1,0,0,0,0
ASV_30,0,2,2,0,2,7,6,400,12471,7464,10214,7555,11285,417,761,1057,457,598,4,3,5,0,0
ASV_31,17,4,18,9,5,1,1,0,4,1,1,3,1,0,0,1,1,1,2,0,1,0,2
ASV_32,11,3,59,55,0,0,0,0,0,0,0,0,0,0,0,0,0,0,0,0,0,0,0
ASV_33,0,0,0,0,0,0,1,0,1,0,0,0,0,0,1,3,0,0,0,0,0,0,0
ASV_34,0,0,0,2,0,0,1,0,0,0,1,0,0,0,1,0,0,0,0,0,0,0,0
ASV_35,22,52,42,19,33,0,1,0,0,0,0,0,0,0,0,0,1,0,0,0,0,0,0
ASV_36,1312,249,277,500,327,1,0,0,0,0,0,0,0,123,270,192,111,142,0,0,0,0,0
ASV_38,0,5,0,4,0,160,131,167,169,118,126,47,140,0,2,0,4,0,0,0,0,0,0
ASV_39,0,4712,0,0,0,0,4,0,0,0,0,1,3,0,0,0,0,0,0,0,0,0,0
ASV_40,0,8,0,0,201,0,0,0,0,0,0,0,0,0,0,0,0,0,0,0,0,0,0
ASV_41,0,14,35,11,0,0,2,1,0,0,0,0,0,0,0,0,0,0,0,0,0,2,0
ASV_42,218,570,231,214,250,298,322,488,0,0,0,0,0,0,0,0,0,0,0,0,0,0,0
ASV_43,0,0,0,0,0,0,0,0,0,0,0,0,0,49,0,0,0,0,0,0,0,0,0
ASV_44,0,0,0,0,0,2,0,0,0,0,0,1,0,0,0,0,0,0,0,2,0,0,0
ASV_45,1,1,0,2,0,1,0,0,1,0,0,1,1,1,1,2,1,0,0,0,0,1,0
ASV_46,0,2,0,0,0,2,0,0,0,0,0,0,0,0,0,0,0,0,0,0,0,0,0
ASV_48,97,80,39,45,75,0,0,0,0,0,0,1,0,0,0,0,0,0,0,0,0,0,0
ASV_49,925,729,628,585,307,2,5,2,0,1,1,0,0,0,0,0,0,0,0,0,0,0,1
ASV_50,54,9,22,22,19,2,1,0,6,21,7,0,10,20,40,29,41,15,0,0,0,2,0
ASV_51,23906,29493,35759,32891,22583,24,13,4,4,6,2,0,0,0,4,3,3,1,4,0,0,0,2
ASV_52,0,3,0,0,0,0,0,213,0,0,0,0,0,0,0,0,0,0,0,0,0,0,0
ASV_53,10219,22610,19397,26677,31075,22,9,3,1,1,2,0,0,0,3,0,3,5,7,0,0,0,1
ASV_54,13,1,0,0,0,22,46,34,1039,339,835,333,984,94,226,95,111,107,0,0,1,1,0
ASV_55,0,0,3,7,0,0,0,0,54,32,16,42,11,28,45,21,10,34,0,0,0,0,0
ASV_56,93,1169,350,0,630,0,1,0,0,0,0,0,0,1,1,0,1,6,0,0,0,0,0
ASV_57,5,0,0,0,0,108,101,49,98,44,77,8,93,1,1,0,2,3,0,0,4,1,0
ASV_58,0,3,0,0,1,0,61,145,0,0,1,0,0,0,0,0,0,1,0,0,0,0,0
ASV_60,3186,4850,1330,1975,2131,0,0,2,0,0,0,0,0,0,0,1,0,0,0,0,0,0,0
ASV_61,67,1,0,92,33,0,0,0,0,0,0,0,0,0,0,0,0,0,0,0,0,0,0
ASV_62,0,7,0,0,0,0,0,0,0,0,0,3,0,0,0,0,0,0,0,0,0,0,0
ASV_63,0,2,0,3,0,229,23,62,89,70,37,33,83,0,10,1,0,1,0,0,0,0,0
ASV_64,0,0,0,0,0,0,0,0,0,0,0,0,0,0,0,1,0,0,0,0,2,0,0
ASV_65,0,3,2,0,0,0,0,0,0,0,0,0,0,0,2,0,0,0,0,0,0,0,1
ASV_66,1523,534,834,512,1307,0,0,0,0,0,0,0,1,26,36,38,55,8,0,0,0,0,0
ASV_67,20,0,21,12,29,0,0,0,0,1,0,0,0,0,0,0,0,0,0,0,0,0,0
ASV_68,3489,598,993,1008,3431,28,11,8,13,8,0,31,7,8,3,1,12,0,0,0,0,0,0
ASV_69,0,0,0,0,0,1,0,0,0,0,0,1,0,0,0,0,1,0,0,2,0,0,0
ASV_70,0,1,0,0,0,0,2,0,0,0,0,0,0,0,0,0,0,0,1,0,1,0,2
ASV_72,1,36,1,3,1,0,1,0,2,0,0,0,10,0,1,0,0,0,0,0,0,0,0
ASV_73,3,88,1,4,0,3269,2968,5681,6,2,3,1,19,62,0,27,0,0,0,0,0,0,0
ASV_77,0,4,0,0,22,0,0,3,0,0,0,0,0,0,0,0,0,0,0,0,0,0,0
ASV_78,0,2,0,1,0,1,13,0,0,0,0,0,0,0,1,0,0,1,0,1,0,0,2
ASV_79,0,58,1,0,0,0,0,0,0,0,0,0,0,0,0,0,0,0,0,0,0,0,0
ASV_80,1,0,0,0,0,0,0,0,2,1,1,0,0,0,1,0,0,0,0,1,0,1,2
ASV_82,0,40,0,6,0,2162,2507,1480,0,0,0,0,0,0,0,0,0,0,0,0,0,0,0
ASV_83,1,0,0,0,0,0,0,0,0,0,0,0,0,0,0,0,0,0,0,0,0,0,0
ASV_84,17,2,3,7,9,0,0,0,0,0,0,0,0,0,0,0,0,0,0,0,1,0,0
ASV_85,0,2,0,0,0,154,47,135,976,560,724,214,861,8,23,14,11,15,0,0,0,0,0
ASV_86,0,1,0,0,0,0,0,0,0,0,0,0,0,0,0,0,0,0,0,0,0,0,0
ASV_87,0,0,0,0,0,0,0,0,0,0,1,0,0,2,0,1,0,0,0,0,0,0,0
ASV_88,356,2,0,0,0,0,0,0,3,0,0,0,0,0,0,0,12,0,0,0,0,0,2
ASV_89,0,2,0,0,0,0,0,0,0,0,0,1,0,0,0,0,0,1,0,0,0,0,0
ASV_90,0,15,0,0,0,583,359,762,4398,2662,3808,3185,4113,2,1,0,0,3,0,1,0,0,0
ASV_92,0,10,0,0,0,0,2342,0,0,0,0,0,0,0,0,0,1,0,0,0,0,0,0
ASV_93,0,0,0,1,0,0,0,0,2,0,0,0,0,0,1,0,1,0,0,0,0,0,0
ASV_96,82,29,38,60,27,0,0,0,0,0,0,0,0,0,0,0,0,0,0,0,0,0,0
ASV_97,0,1,0,0,0,0,96,0,0,0,0,0,0,0,0,0,0,0,0,0,0,0,0
ASV_98,6,32,7,18,43,0,0,0,0,0,0,0,0,0,0,0,0,0,0,0,0,0,0
ASV_100,0,0,0,1,0,0,0,0,0,0,0,0,0,0,4,0,0,0,0,0,0,0,0
ASV_101,0,6,0,0,1,0,0,0,0,0,0,0,0,2,0,1,0,0,2,0,1,0,0
ASV_102,1571,733,728,721,1317,0,0,0,0,0,0,0,0,0,1,0,1,0,0,0,0,0,0
ASV_103,11,14,0,6,34,0,0,0,0,0,0,0,0,0,0,0,0,0,0,0,0,0,0
ASV_104,0,0,0,0,0,5,2,0,0,0,0,0,0,1,12,2,7,0,0,0,0,0,0
ASV_105,139,40,23,45,24,0,2,0,0,0,0,0,0,0,0,0,0,0,0,0,0,0,0
ASV_106,0,0,0,0,0,0,0,0,0,1,0,0,0,0,0,0,0,1,0,0,0,0,0
ASV_108,0,1,0,0,0,0,0,0,0,0,0,0,0,0,0,0,0,1,0,0,0,0,0
ASV_109,0,0,0,2,3,0,0,0,4,3,0,0,0,6,2,3,9,4,0,0,0,0,0
ASV_110,229,27,8,23,10,2,45,1,1,0,0,0,0,1,0,0,0,0,0,0,0,0,0
ASV_111,4,0,0,0,0,0,0,0,0,0,0,0,0,0,3,0,0,0,0,0,0,0,2
ASV_112,0,0,0,0,0,1,0,0,0,0,0,2,0,0,0,1,0,0,0,0,0,0,0
ASV_115,34,33,11,13,60,830,589,816,1681,830,1507,460,1547,87,212,97,102,106,1,0,0,0,0
ASV_116,6,12,0,4,16,17,0,26,0,0,0,0,2,34,98,37,11,30,0,0,0,0,0
ASV_117,0,0,0,0,0,0,0,0,0,0,0,0,0,0,0,0,0,0,1,1,3,0,0
ASV_118,0,0,0,0,0,0,0,59,0,0,0,0,0,0,0,0,0,0,0,0,0,0,0
ASV_120,9,9,15,69,0,0,0,0,0,0,0,0,0,0,0,0,0,0,0,0,0,0,0
ASV_122,1,0,0,0,1,0,0,0,0,0,1,0,0,0,0,0,0,0,1,0,0,0,0
ASV_123,213,88,51,614,306,1,0,0,0,5,4,3,0,0,0,0,0,0,0,0,0,0,0
ASV_124,77,13,24,56,22,1,0,1,9,5,6,4,3,4,0,0,3,1,0,0,0,0,1
ASV_127,3,1564,3297,691,356,0,1,0,0,0,0,0,0,0,0,0,0,0,0,0,0,0,0
ASV_128,0,4,0,0,0,65,15,182,0,0,0,0,0,0,0,0,0,0,0,0,0,0,0
ASV_129,0,3,0,0,0,0,0,0,0,0,0,0,0,0,0,0,0,0,0,0,0,0,0
ASV_130,0,0,0,0,0,24,3,35,0,0,0,0,0,11,0,0,0,1,0,0,0,0,0
ASV_131,0,1,0,0,0,0,2,0,0,0,0,0,0,0,0,0,0,0,0,0,0,1,2
ASV_132,0,2,1,0,0,0,0,0,0,0,0,0,0,0,0,0,0,0,0,0,0,0,0
ASV_134,44,18,54,19,40,0,0,0,0,0,0,0,0,0,0,0,0,0,0,0,0,0,0
ASV_136,0,0,4,0,0,0,0,1,2,0,0,0,0,0,0,0,0,0,1,0,0,0,0
ASV_137,0,12,0,0,0,520,306,335,0,0,0,0,0,0,0,0,0,0,0,0,0,1,1
ASV_138,1,0,1,1,0,0,0,0,1,0,0,0,0,1,0,0,0,0,0,0,0,0,0
ASV_141,1,0,0,0,4,0,1,0,1,0,1,0,0,0,0,0,0,0,0,0,0,1,1
ASV_144,9,0,0,1,7,3,3,2,5,1,9,12,14,15,21,5,2,13,24176,25363,26833,26209,29251
ASV_149,0,1,0,1,0,0,0,0,0,0,0,0,0,0,0,0,0,0,0,0,0,0,1
ASV_150,1,0,1,0,0,0,0,0,0,0,0,0,0,0,1,0,1,0,1,0,1,0,0
ASV_151,0,3,1,0,58,0,0,0,0,1,0,0,0,1,0,0,0,0,0,0,0,0,0
ASV_153,0,0,0,1,0,0,0,0,0,0,0,0,0,0,0,0,0,1,0,0,0,0,0
ASV_154,1,6,0,0,0,0,0,0,20,6,4,22,8,0,0,1,0,0,0,0,0,0,0
ASV_155,122,2,0,0,0,0,0,0,187,473,53,343,89,0,0,0,0,0,0,0,0,0,0
ASV_156,347,134,239,154,476,2,0,0,4,8,3,2,7,5,3,3,3,3,0,0,0,0,0
ASV_158,0,0,0,0,0,0,0,0,0,0,0,0,0,0,0,0,0,0,0,0,0,1,0
ASV_159,0,3,0,0,0,0,81,40,20,71,25,0,37,0,1,0,2,0,0,0,1,0,0
ASV_160,0,0,0,92,0,0,0,0,0,1,0,0,0,0,0,0,0,1,0,0,0,0,0
ASV_161,45,3,6,11,0,0,0,0,6,4,11,2,11,1,0,0,1,0,0,0,0,0,0
ASV_162,0,1,2,0,0,0,0,0,193,67,174,13,282,0,0,0,1,1,0,0,0,0,0
ASV_163,0,0,0,0,0,0,0,0,0,0,0,1,0,0,1,1,0,1,0,0,0,1,0
ASV_165,0,0,0,0,0,1,1,0,0,0,0,0,0,1,0,0,0,0,0,0,0,0,1
ASV_166,204,65,94,41,45,1,0,0,0,0,0,0,0,0,0,0,0,0,0,0,0,0,0
ASV_167,0,9,1,1,0,0,0,4,0,1,0,0,0,0,1,0,1,4,0,0,0,0,1
ASV_169,313,82,78,101,175,1,0,0,0,0,0,0,0,0,0,0,0,0,0,1,0,0,0
ASV_170,0,9,0,1,3,502,497,1010,0,0,0,0,0,0,0,0,1,0,0,0,1,0,0
ASV_171,0,0,0,0,0,0,0,0,0,0,0,0,0,0,0,0,0,1,0,0,0,0,0
ASV_172,0,1,0,0,0,0,0,17,26,13,2,1,11,0,0,0,0,0,0,0,0,0,0
ASV_173,352,129,48,170,144,3,9,0,0,0,0,0,0,0,0,1,0,0,1,0,0,0,1
ASV_174,0,3,1,0,1,0,0,0,1,0,0,0,0,1,1,0,0,0,0,3,0,0,0
ASV_177,36,86,33,89,11,0,9,0,0,0,1,6,2,0,0,2,0,0,0,0,0,0,0
ASV_178,1,0,2,0,0,0,0,0,0,0,0,0,0,0,1,0,0,0,0,0,0,1,0
ASV_180,67,29,39,25,65,0,0,0,0,0,0,0,0,0,0,0,0,0,0,0,0,0,0
ASV_182,0,5,0,0,0,92,57,30,0,0,0,0,0,0,0,0,0,0,0,0,0,0,0
ASV_185,0,0,0,0,0,0,0,0,0,0,0,0,0,0,0,0,0,0,2,0,0,0,1
ASV_187,0,0,0,0,0,0,0,0,1,0,0,0,0,0,0,0,1,0,0,0,0,0,0
ASV_188,0,1,0,0,9,0,0,0,0,0,0,0,0,0,0,0,0,0,0,0,0,0,0
ASV_189,0,15,0,0,0,77,196,1088,0,0,0,0,0,0,0,0,0,0,0,0,0,1,0
ASV_190,4,0,0,0,0,0,0,0,38,25,26,24,34,0,0,0,0,0,0,0,0,0,1
ASV_191,0,193,17004,4,1,0,0,0,5,0,0,0,0,0,0,0,2,0,0,0,0,0,0
ASV_192,0,0,0,0,0,0,0,0,0,0,0,0,0,0,0,0,0,0,0,0,0,0,1
ASV_193,9,19,3,2522,3,0,0,0,0,1,0,0,0,0,0,0,0,0,0,0,0,0,0
ASV_194,2,3,0,0,0,0,0,0,13,2,4,0,1,0,1,0,0,0,0,0,0,0,0
ASV_195,1,4,4,2,0,4,0,5,9,8,26,2,13,18377,18763,19370,24920,19868,183,122,181,130,133
ASV_196,0,2,0,0,0,0,0,0,1,0,0,3,0,1,1,0,0,0,0,0,1,1,0
ASV_197,0,10,0,3,1,0,0,0,0,2,0,0,0,0,0,3,0,1,0,0,0,0,1
ASV_200,0,5,0,0,0,0,0,0,0,0,0,0,0,0,0,0,0,0,0,0,0,0,0
ASV_202,0,0,0,1,0,0,0,0,0,0,0,0,0,0,0,0,0,1,0,0,0,0,0
ASV_203,0,0,0,3,0,0,0,1,0,0,0,0,0,0,0,1,0,0,0,0,0,0,0
ASV_204,0,5,0,0,0,0,401,0,0,0,0,0,0,0,0,0,0,0,0,0,0,0,0
ASV_205,0,0,0,0,0,1,0,19,0,0,0,0,0,0,0,0,0,0,0,0,0,0,0
ASV_206,0,0,0,0,0,30,36,70,0,0,0,0,0,0,0,0,0,0,0,0,0,0,0
ASV_208,0,0,0,0,0,2,0,0,0,0,1,0,0,0,0,2,0,0,0,0,0,0,0
ASV_209,0,0,0,0,0,0,0,0,0,0,0,0,0,1,0,0,0,0,0,0,0,0,0
ASV_213,0,0,2,0,0,0,0,0,0,0,0,0,0,0,1,1,0,0,0,0,0,0,0
ASV_216,0,2,0,21,0,1077,179,77,0,0,0,0,0,0,0,0,0,0,0,0,0,0,0
ASV_220,0,0,0,0,0,0,0,0,1,0,0,0,0,0,0,0,0,0,0,0,0,0,0
ASV_222,0,0,1,0,0,0,0,0,3,0,0,0,0,0,1,0,0,0,0,0,0,0,0
ASV_224,1,0,0,0,0,0,0,0,1,0,0,0,0,0,0,0,0,0,0,0,0,0,1
ASV_225,0,0,0,0,0,0,0,1,0,0,0,1,0,0,0,0,0,0,0,0,0,1,1
ASV_226,12,13,6,11,6,1,2,0,0,0,3,0,0,9,0,10,0,6,0,0,0,0,0
ASV_229,1,0,0,0,0,0,0,0,0,0,0,0,0,1,1,0,0,0,0,0,0,0,0
ASV_234,38,0,0,0,0,23,6,0,0,0,0,0,0,0,0,0,0,0,0,0,0,0,0
ASV_235,193,144,46,182,319,0,0,0,0,0,0,0,0,0,0,0,0,0,0,0,0,0,0
ASV_236,6,20,943,74,4,7,0,39,0,0,0,0,0,0,0,0,0,0,0,0,0,0,0
ASV_237,65,39,50,0,76,1,0,0,0,0,0,0,0,0,0,0,0,0,0,0,0,0,0
ASV_238,124,58,82,188,125,0,0,0,0,0,0,0,0,0,0,0,0,0,0,0,0,0,0
ASV_239,290,74,59,77,81,74,10,80,0,0,0,0,0,0,0,0,0,0,0,0,0,0,0
ASV_241,0,0,0,0,0,0,0,0,0,0,0,0,0,0,0,0,1,0,0,0,0,0,0
ASV_242,1,2,0,1,0,259,125,290,2260,1260,1651,1108,2075,1,0,3,1,0,0,0,1,0,0
ASV_243,0,0,8,2,0,0,0,0,0,0,0,0,0,0,0,0,0,0,0,0,0,0,0
ASV_244,0,0,1,0,0,0,0,0,0,0,0,0,0,0,0,0,0,0,1,0,0,0,0
ASV_247,31,19,6,14,14,0,0,0,0,0,0,0,0,6,0,0,2,2,0,0,0,0,0
ASV_248,4,1,0,29,9,0,1,3,300,147,291,111,346,17,48,57,4,29,0,0,0,0,0
ASV_249,102,83,32,90,52,0,0,0,0,0,0,0,0,0,0,0,0,0,0,0,0,0,0
ASV_250,846,337,352,281,501,2,1,0,0,0,0,0,0,0,1,0,0,0,0,0,0,0,0
ASV_251,0,0,0,0,0,0,0,2,0,0,0,1,2,0,0,0,0,1,0,1,0,2,2
ASV_253,0,0,0,1,0,0,0,0,0,0,0,0,0,0,0,0,0,0,0,0,0,0,0
ASV_254,2,6,0,0,2,48,72,127,419,206,278,170,400,14,16,5,1,5,0,0,0,0,0
ASV_255,0,4,86,0,0,0,0,0,0,0,0,0,0,175,31,0,60,85,0,0,0,0,0
ASV_256,26,268,6,24,668,0,0,0,0,0,1,0,0,0,1,0,0,0,0,0,0,0,1
ASV_260,0,0,0,1,0,0,0,0,0,0,0,0,0,1,0,0,0,0,0,0,0,0,0
ASV_264,0,0,0,0,0,0,0,11,69,45,92,59,103,79,180,49,62,98,0,0,0,0,0
ASV_266,0,8,0,0,0,15,18,34,0,0,0,0,0,44,94,41,35,34,0,0,0,0,0
ASV_269,0,0,0,0,0,0,2,0,0,0,0,0,0,1,2,0,0,0,0,0,0,0,0
ASV_270,0,2,0,0,2,0,0,0,1,0,0,1,0,0,0,0,0,0,0,0,0,0,0
ASV_272,0,0,0,0,0,0,0,0,0,0,0,0,1,0,0,0,0,0,0,0,1,0,0
ASV_275,0,0,3,0,4,0,0,0,0,0,0,0,0,0,0,0,0,0,0,0,0,0,0
ASV_276,1,0,0,0,0,0,0,0,0,0,0,0,6,31,5,7,2,5,0,1,0,0,1
ASV_277,24,1,12,6,4,0,0,0,0,0,0,0,0,0,0,0,0,0,0,0,0,0,0
ASV_278,0,0,0,0,0,0,0,0,1,0,0,0,0,38,0,0,34,0,0,0,0,1,0
ASV_280,0,0,0,0,0,0,0,0,0,0,1,0,0,0,0,0,0,0,0,0,0,0,1
ASV_281,2,0,0,1,0,0,0,0,0,0,0,0,0,0,0,0,0,0,0,0,0,0,0
ASV_282,0,0,0,0,5,0,0,0,0,0,0,1,0,0,0,0,0,0,0,0,0,0,0
ASV_283,0,0,0,0,0,0,3,11,0,0,0,0,0,0,0,0,0,0,0,0,0,0,0
ASV_284,33,14,11,28,60,0,0,0,31,26,28,24,33,39,44,29,10,39,37,44,43,69,47
ASV_285,235,48,101,99,133,4,0,0,0,0,0,0,0,0,0,0,0,0,0,0,0,0,0
ASV_286,0,0,0,0,0,7,2,0,0,0,0,0,0,0,0,0,0,0,0,0,0,0,0
ASV_290,132,51,23,30,45,29,44,74,15,6,12,6,7,3,0,2,1,0,0,0,0,0,0
ASV_291,0,1,0,19,0,0,0,0,0,0,0,0,0,0,0,0,0,0,0,0,0,0,0
ASV_292,0,0,0,0,0,64,0,0,0,0,0,0,0,0,0,0,0,0,0,0,0,0,0
ASV_296,33,8,2,56,25,0,0,0,0,0,0,0,0,0,0,0,0,0,0,0,0,0,0
ASV_299,0,8,5,1,0,0,0,0,0,0,0,0,0,0,0,0,0,0,0,0,0,0,0
ASV_303,0,0,0,0,0,0,0,0,0,0,0,0,0,0,0,1,0,0,0,0,0,0,0
ASV_304,0,0,0,0,0,0,0,0,0,0,0,0,2,0,0,0,0,0,0,0,0,0,0
ASV_305,1,0,0,0,0,0,0,0,0,0,0,0,0,0,0,0,0,0,0,0,0,0,0
ASV_307,0,1,0,0,0,0,0,0,0,0,0,0,0,0,0,0,0,0,0,0,0,0,0
ASV_308,0,20,13,0,21,0,0,0,0,0,0,0,0,7,0,2,0,38,0,0,0,0,0
ASV_310,0,0,0,0,0,0,0,0,0,0,0,0,0,0,0,0,1,0,0,0,0,0,0
ASV_311,2,0,0,0,0,0,0,0,0,0,0,1,0,0,0,0,0,0,0,0,0,0,0
ASV_312,21,57,37,12,53,0,0,0,0,0,0,0,0,0,0,0,0,0,0,0,0,0,0
ASV_313,0,10,0,0,30,0,0,0,0,0,0,0,0,0,0,0,0,0,0,0,0,0,0
ASV_317,0,1,0,0,0,2,23,32,0,0,0,0,0,0,0,0,0,0,0,0,0,0,0
ASV_318,0,0,0,0,0,0,0,0,0,0,0,0,1,0,0,0,0,0,0,0,0,0,1
ASV_319,0,0,0,0,0,0,0,0,0,0,0,0,0,0,0,0,1,0,0,0,0,1,2
ASV_321,0,1,0,2,0,26,17,101,0,0,0,0,0,0,0,0,0,0,0,0,0,0,0
ASV_323,0,0,0,0,0,0,0,0,0,1,0,0,0,0,0,0,0,0,0,0,0,0,0
ASV_324,0,0,4,0,0,0,0,0,3,0,0,0,1,0,0,0,0,0,0,0,0,0,1
ASV_327,0,0,0,0,4,0,0,0,0,0,0,0,0,0,0,0,0,0,0,0,0,0,0
ASV_328,0,0,0,0,0,0,0,2,22,4,11,6,13,0,0,0,0,0,0,0,0,0,0
ASV_329,0,0,0,2,0,0,0,0,0,0,0,0,0,0,0,0,0,0,0,0,0,0,0
ASV_331,0,0,0,0,0,0,0,0,1,0,0,0,0,0,0,0,0,0,0,0,0,0,0
ASV_333,0,12,0,0,1,529,469,23,83,0,44,84,26,0,0,0,0,0,0,0,0,0,0
ASV_335,0,8,2,33,0,0,0,0,0,0,0,0,0,0,0,0,0,0,0,0,0,0,0
ASV_336,0,0,0,0,0,1,0,0,0,0,0,0,0,0,0,0,1,0,0,0,0,0,0
ASV_338,0,0,0,0,0,0,0,36,0,0,0,0,0,0,0,0,0,0,0,0,0,0,0
ASV_341,0,0,0,0,0,0,0,0,0,0,0,0,0,0,0,0,0,0,0,0,0,0,1
ASV_342,0,1,22,1,0,0,0,0,0,0,0,0,0,0,0,0,0,0,0,0,0,0,0
ASV_343,0,0,0,0,0,0,0,0,0,0,0,0,0,0,0,0,0,0,0,0,0,1,0
ASV_345,0,8,0,4,37,0,0,0,310,215,218,413,275,0,0,0,1,0,0,0,0,0,0
ASV_346,0,0,0,0,0,0,0,0,0,0,0,0,0,0,0,0,0,0,0,0,0,1,0
ASV_349,4,0,0,2,0,68,78,84,0,0,0,0,0,0,0,0,0,0,0,0,0,0,0
ASV_352,0,0,0,0,0,0,75,134,0,0,0,0,0,0,0,0,0,0,0,0,0,0,0
ASV_353,8,0,11,19,57,0,0,0,0,0,0,0,0,0,1,0,0,0,0,0,0,0,0
ASV_354,0,1,0,0,0,0,0,0,0,0,0,0,0,0,1,0,0,0,0,0,0,0,0
ASV_355,0,12,0,0,0,328,404,466,0,0,0,0,0,0,0,0,0,0,0,0,0,0,0
ASV_356,0,24,0,53,2,0,0,0,0,0,0,0,0,0,0,0,0,0,0,0,0,0,0
ASV_357,0,0,1,1,0,0,0,0,1,0,0,0,0,0,0,0,0,0,0,1,0,0,0
ASV_358,0,0,0,0,0,0,0,0,0,0,0,1,0,1,0,2,0,0,0,0,0,0,0
ASV_359,0,0,0,0,0,0,3,0,0,0,0,1,0,0,0,0,0,0,0,0,0,0,0
ASV_360,0,1,0,0,167,0,0,0,0,0,0,1,0,0,0,0,0,0,0,0,0,0,0
ASV_363,0,0,0,0,0,17,8,23,0,0,0,0,0,0,3,3,8,0,0,0,0,0,0
ASV_364,0,0,0,0,0,0,0,0,0,0,0,0,0,0,0,1,0,1,0,0,0,0,0
ASV_365,0,0,0,1,0,2,0,0,0,1,0,0,0,0,0,0,0,0,0,0,0,0,0
ASV_368,0,3,0,0,0,173,191,286,0,0,0,0,0,105,122,78,77,30,0,0,0,0,0
ASV_369,109,94,98,182,84,0,0,0,0,0,0,0,0,0,0,0,0,0,0,0,0,0,0
ASV_371,9015,2457,3561,5460,3967,4,3,1,0,1,2,0,0,0,1,0,0,1,0,0,0,0,3
ASV_377,0,0,0,0,0,0,1,0,0,0,0,0,0,0,0,0,0,0,0,0,0,0,0
ASV_378,0,0,0,0,0,0,0,151,0,0,0,0,0,0,0,0,0,0,0,0,0,0,0
ASV_379,0,1,0,0,0,0,0,0,2,0,0,0,0,0,0,0,1,1,0,0,0,0,0
ASV_381,83,120,58,83,147,0,1,0,0,0,0,0,0,0,1,0,0,0,0,0,0,0,0
ASV_382,0,0,1,0,0,0,0,0,0,0,0,0,0,0,0,0,0,0,0,0,0,0,0
ASV_386,0,0,0,0,1,0,1,0,0,0,0,0,0,0,0,0,0,0,0,0,0,0,0
ASV_387,26,3,19,12,8,174,164,92,93,262,176,556,149,4,0,0,2,0,0,0,0,0,0
ASV_390,0,0,0,0,0,0,0,0,0,0,0,0,0,0,0,0,1,0,0,0,0,0,0
ASV_391,0,1,2,1,0,0,0,0,0,1,0,0,2,0,0,0,0,0,0,0,0,0,0
ASV_392,0,0,5,1,0,0,0,1,5,0,1,1,1,0,0,1,0,0,0,0,0,0,0
ASV_393,0,1,0,0,0,660,13,0,0,0,0,0,0,0,0,0,0,0,0,0,0,0,0
ASV_396,0,0,0,0,0,0,0,0,590,466,645,627,774,0,0,0,0,0,0,0,0,0,0
ASV_397,0,0,14,0,0,0,0,0,0,0,0,0,0,0,0,0,0,0,0,0,0,0,0
ASV_399,11,0,0,0,0,0,0,0,0,0,0,0,0,4,7,3,3,4,0,0,0,0,0
ASV_400,0,0,0,0,0,0,12,0,0,0,0,0,0,0,0,0,0,0,0,0,0,0,0
ASV_403,0,5,0,0,0,126,160,270,0,27,0,5,0,0,0,0,0,0,0,0,0,0,0
ASV_404,0,0,2,0,2,67,50,41,0,0,0,3,0,0,0,0,0,0,0,0,0,0,0
ASV_406,0,0,0,0,0,0,2,2,0,0,0,0,0,2,0,0,0,0,0,0,0,1,0
ASV_408,76,31,33,31,77,291,255,283,0,0,0,0,0,0,0,0,0,0,0,0,0,0,0
ASV_410,0,0,0,0,0,0,0,0,0,0,0,0,0,0,0,0,0,0,0,0,0,0,2
ASV_414,0,1,0,0,0,0,0,0,0,0,0,0,0,0,0,0,0,1,0,0,0,0,0
ASV_417,4,0,0,1,0,0,0,0,0,0,0,0,0,0,0,0,0,1,0,0,0,0,0
ASV_418,1,5,5,4,0,0,0,0,0,5,1,0,0,1451,6792,4431,22315,16115,4,4,3,0,0
ASV_419,0,0,0,0,0,0,2,43,0,0,0,0,0,0,0,0,2,0,0,0,0,0,0
ASV_423,0,0,0,0,0,9,1,15,0,0,0,0,0,14,5,7,3,0,0,0,0,0,0
ASV_427,1,0,0,0,0,0,2,0,0,0,0,0,0,0,0,0,0,0,0,0,0,0,0
ASV_429,0,0,0,0,0,0,0,0,0,1,0,1,0,0,0,0,0,0,0,0,0,1,0
ASV_432,0,2,0,0,1,1,0,0,0,0,1,2,0,0,0,0,0,0,0,1,0,0,0
ASV_436,0,0,0,0,1,0,0,0,0,0,1,0,0,1,2,0,0,0,0,0,0,0,0
ASV_437,14,0,17,0,0,0,0,0,0,0,0,0,0,0,0,0,0,0,0,0,0,0,0
ASV_438,0,0,0,0,0,0,0,0,0,0,0,0,0,0,0,0,0,0,0,0,0,0,1
ASV_439,0,0,0,0,0,0,0,4,0,0,5,0,0,25,128,43,48,29,0,0,0,0,0
ASV_442,0,0,0,0,0,0,0,0,0,0,1,0,0,1,0,0,0,0,0,0,0,0,2
ASV_443,0,1,1,1,0,0,0,0,0,0,0,0,1,0,0,0,0,0,0,0,0,2,1
ASV_445,1944,520,830,405,16,0,0,1,0,0,0,0,0,0,0,0,0,1,0,0,0,0,0
ASV_446,0,0,0,0,0,1,0,0,0,0,0,1,0,0,0,0,0,0,0,1,0,0,0
ASV_448,0,0,0,0,0,0,0,0,0,0,0,0,0,0,0,0,0,0,0,1,0,0,0
ASV_450,0,2,0,0,0,189,141,118,9,10,30,5,30,0,27,0,76,21,0,0,0,0,0
ASV_452,0,1,0,0,0,0,0,0,0,0,0,0,0,0,0,0,0,0,0,0,0,0,0
ASV_453,1,0,0,0,0,0,0,0,0,0,0,0,0,0,0,0,0,0,0,0,0,0,0
ASV_456,4,0,0,0,2,1,0,0,0,0,2,6,4,3,4,2,2,6,10235,8025,10811,10720,8329
ASV_459,0,0,0,0,0,0,0,0,0,0,0,0,0,0,0,0,0,0,0,0,0,1,0
ASV_461,2,0,0,0,0,0,0,0,0,0,0,0,0,0,2,0,0,0,0,0,0,0,2
ASV_462,0,0,0,0,0,0,0,0,0,0,0,0,0,1,0,0,0,0,0,0,0,0,0
ASV_463,0,0,0,0,0,0,0,3,0,0,0,0,0,1,0,0,0,0,0,0,0,2,0
ASV_465,0,4,0,0,1,0,0,0,0,0,0,0,0,0,0,0,0,0,0,0,0,0,0
ASV_466,3,0,0,0,3,3,1,2,0,0,3,7,3,10,8,2,1,20,10854,7412,8869,11530,8583
ASV_469,0,11,1511,0,0,0,0,0,0,0,0,0,0,0,0,0,0,0,0,0,0,0,0
ASV_470,0,0,0,0,0,0,0,0,0,0,0,1,0,1,0,1,0,0,1,0,1,0,0
ASV_474,15,0,0,0,11,0,0,0,59,10,49,34,63,173,195,99,151,73,0,0,0,0,1
ASV_475,0,0,1,0,0,0,0,0,0,0,0,0,0,0,0,0,0,0,0,0,0,0,0
ASV_478,0,0,0,0,0,0,0,2,0,0,0,0,0,0,0,0,0,0,0,0,0,0,0
ASV_481,1,16,0,0,0,121,100,136,66,27,40,15,33,0,0,0,0,0,0,0,0,0,0
ASV_482,0,0,0,0,0,0,0,1,0,0,0,0,0,0,0,0,0,0,0,0,0,0,0
ASV_486,0,0,0,0,0,0,0,0,0,0,0,0,0,82,109,140,92,51,0,0,0,0,0
ASV_488,340,35,50,241,70,0,0,0,0,0,0,0,0,0,0,0,0,0,0,0,0,0,0
ASV_489,0,0,0,0,0,1,3,0,0,0,0,1,0,0,0,0,0,0,1,0,0,1,1
ASV_492,0,0,0,0,0,0,1,38,1,0,0,0,0,0,0,0,0,0,0,0,0,0,0
ASV_495,60,6,2,2,19,0,0,0,0,0,0,0,0,0,0,0,0,0,0,0,0,0,0
ASV_496,0,2,0,0,0,0,0,0,0,0,0,0,0,0,0,0,0,0,0,0,0,0,0
ASV_497,0,0,0,0,0,0,0,0,0,0,0,1,0,0,0,0,0,0,0,0,0,0,0
ASV_498,0,0,0,0,4,0,0,0,0,0,0,0,0,0,0,0,0,0,0,0,0,0,0
ASV_499,0,0,0,0,0,0,0,0,0,0,1,0,0,0,0,0,0,0,0,0,0,0,0
ASV_500,0,30,0,0,49,0,33,0,0,0,0,0,0,0,0,0,0,0,0,0,0,0,0
ASV_503,0,1,0,0,0,0,0,0,3,2,0,0,1,0,0,0,0,0,0,0,0,0,0
ASV_504,0,0,4,0,0,0,0,0,1,0,0,0,0,0,0,0,4,0,0,0,0,0,0
ASV_505,0,0,0,0,0,0,0,0,0,0,0,1,0,1,0,0,0,0,0,0,0,0,0
ASV_506,52,1,0,57,0,17,265,29,0,0,0,0,0,0,0,0,0,0,0,0,0,0,0
ASV_507,0,0,0,0,0,0,0,0,0,0,1,0,0,15,3,18,9,7,0,0,1,0,0
ASV_508,0,0,0,0,0,0,0,0,0,0,1,0,0,0,0,0,0,0,0,0,0,0,1
ASV_510,0,0,0,0,0,0,0,0,0,0,1,0,0,0,0,0,0,0,0,0,0,0,0
ASV_511,38,30,2,4,16,0,0,0,0,0,0,0,0,0,0,0,0,0,0,0,0,0,0
ASV_514,0,0,0,0,0,2,0,0,0,0,0,0,0,0,0,0,0,0,0,0,0,0,0
ASV_516,0,0,0,0,0,0,0,0,0,0,0,2,0,0,0,0,0,0,0,0,0,0,0
ASV_524,0,0,0,0,0,0,0,0,0,0,0,0,0,0,0,3,0,0,0,0,0,0,0
ASV_525,0,0,0,0,0,0,0,0,0,0,0,0,0,0,0,0,0,2,0,0,0,0,0
ASV_527,0,0,0,0,0,0,0,0,0,3,0,0,0,0,0,0,1,0,0,0,0,0,0
ASV_529,0,0,0,0,0,0,0,0,0,0,0,1,0,1,0,0,0,0,0,0,0,0,0
ASV_531,0,0,0,0,0,0,5,70,4,1,0,11,2,0,0,0,0,0,0,0,0,0,0
ASV_532,0,0,0,0,0,1,0,0,0,0,0,0,0,0,0,0,0,0,0,0,0,0,0
ASV_533,0,0,0,0,0,0,1,0,0,0,0,0,0,0,1,0,0,0,0,0,0,0,0
ASV_534,0,0,0,1,0,0,0,0,0,0,0,0,0,0,0,0,0,0,0,0,0,0,0
ASV_535,0,0,0,0,0,0,0,0,6,0,10,0,24,14,17,48,21,2,0,0,0,0,0
ASV_536,1,0,0,0,0,0,0,0,0,0,0,0,0,0,0,0,0,0,0,0,0,0,1
ASV_537,0,0,0,0,0,2,0,0,0,0,0,0,0,0,0,0,0,0,0,0,0,0,0
ASV_539,0,0,0,0,0,0,0,0,0,0,0,0,0,0,0,0,1,0,0,0,0,0,0
ASV_541,0,4,0,0,0,31,24,312,0,0,0,0,0,0,0,0,0,0,0,0,0,0,0
ASV_549,0,3,0,0,0,121,62,348,65,34,39,38,46,0,0,0,0,0,0,0,0,1,0
ASV_551,0,0,0,0,0,0,0,0,0,0,0,1,0,0,0,0,0,0,0,0,0,0,0
ASV_552,0,0,0,0,0,0,0,0,1,0,0,0,0,0,0,0,0,0,0,0,0,0,0
ASV_555,0,4,0,0,0,0,0,224,98,89,135,147,156,0,0,0,4,10,0,0,1,0,0
ASV_556,0,0,0,0,0,0,0,0,0,0,0,0,0,0,0,0,0,0,1,0,0,0,0
ASV_558,0,0,0,0,0,0,0,0,14,3,2,3,0,0,2,0,0,0,0,0,0,0,0
ASV_560,0,0,0,0,1,0,0,1,0,0,0,0,0,0,0,0,0,0,0,0,0,0,0
ASV_561,0,0,0,0,0,0,0,0,5,4,7,0,0,17,26,12,0,8,0,0,0,0,0
ASV_562,0,0,0,0,0,0,0,0,0,0,0,0,0,0,0,0,1,0,1,0,0,0,0
ASV_563,50,6,0,0,0,0,0,0,0,0,0,0,0,0,0,0,0,0,0,0,0,0,0
ASV_564,0,0,0,0,0,0,0,0,0,0,0,0,0,0,0,1,0,0,0,0,0,0,0
ASV_565,0,0,1,0,0,0,0,0,0,0,0,0,0,0,0,0,0,0,0,0,0,0,0
ASV_566,0,0,0,0,0,0,13,0,0,0,0,0,0,0,0,0,0,1,0,0,0,0,0
ASV_567,0,0,0,0,5,0,0,0,0,0,1,0,0,0,0,0,0,0,3,0,0,0,0
ASV_568,0,0,0,0,0,0,0,0,1,0,0,0,0,0,0,1,2,0,0,0,0,0,0
ASV_569,0,0,0,0,0,0,0,0,0,0,6,0,0,0,0,0,0,0,0,0,0,0,0
ASV_573,0,1,0,0,0,0,0,0,0,0,0,0,0,0,0,0,0,0,0,0,0,0,0
ASV_575,0,3,0,1,2,0,0,0,0,0,0,0,0,0,0,0,0,0,0,0,0,0,0
ASV_576,0,0,0,0,0,139,1,53,0,0,0,0,0,0,0,0,0,0,0,0,0,0,0
ASV_579,0,0,0,0,0,0,0,0,1,0,0,0,0,0,1,0,0,0,0,0,0,0,0
ASV_583,0,0,0,0,0,0,0,0,0,0,0,0,0,0,0,0,1,0,0,0,0,0,0
ASV_584,1,0,1,0,1,0,0,0,1,0,0,0,0,0,0,0,0,1,0,0,0,0,0
ASV_585,0,0,0,0,0,0,0,0,0,0,0,0,0,0,1,0,0,4,0,0,0,0,0
ASV_587,0,0,0,0,0,1,0,1,0,0,0,0,0,0,0,0,0,0,0,0,0,0,0
ASV_588,423,137,222,201,512,1,0,1,1,0,0,0,0,1,0,3,0,6,0,0,0,0,0
ASV_590,0,0,0,0,0,0,0,0,0,1,0,0,0,0,0,0,0,0,0,0,0,0,0
ASV_591,0,0,0,0,0,0,0,0,0,0,0,1,0,0,0,0,0,0,0,0,0,0,0
ASV_592,0,1,0,0,0,0,0,0,0,0,0,0,0,0,0,0,0,0,0,1,0,0,0
ASV_598,33,29,21,37,36,0,0,0,0,0,0,0,0,0,0,0,0,0,3,0,0,1,0
ASV_599,0,0,0,3,0,0,0,0,0,0,0,0,0,0,0,0,0,0,0,0,1,0,0
ASV_601,0,0,0,0,0,0,0,2,47,42,29,13,24,0,0,0,0,0,0,0,0,0,0
ASV_605,0,0,0,0,0,0,0,0,0,0,0,0,0,0,0,0,0,0,0,0,0,1,0
ASV_607,0,0,0,0,0,0,0,0,76,63,45,15,69,5,1,2,0,0,0,0,0,0,0
ASV_608,15,3,2,3,23,0,0,0,0,0,0,0,0,0,0,0,0,0,0,0,0,0,0
ASV_609,0,0,1,0,0,0,0,0,0,0,0,0,0,0,0,0,0,0,0,0,0,0,0
ASV_613,0,0,0,0,0,0,0,0,0,0,0,0,0,0,0,0,1,0,0,0,0,0,0
ASV_616,116,16,23,36,0,0,0,0,0,0,0,0,0,0,0,0,0,0,0,0,0,0,0
ASV_627,82,1382,288,472,405,0,0,0,0,0,0,0,0,0,0,0,0,0,0,0,0,0,0
ASV_628,0,0,0,0,0,0,0,0,1,0,0,0,0,169,82,98,81,56,0,0,0,0,0
ASV_632,0,1,0,0,0,0,0,0,0,0,0,0,0,0,1,0,0,0,0,0,0,0,0
ASV_635,0,1,0,0,0,0,0,0,0,0,0,0,0,0,1,0,0,0,0,0,0,0,0
ASV_636,1,0,0,0,0,0,0,0,0,0,0,0,0,0,1,0,1,0,0,0,0,0,1
ASV_637,0,0,13,0,0,0,0,0,0,0,0,0,0,0,0,0,0,0,0,0,0,0,0
ASV_639,0,3,0,0,0,72,0,72,0,0,0,0,0,0,0,0,0,0,0,0,0,0,0
ASV_641,0,0,0,0,0,3,3,0,0,0,0,0,0,0,0,0,0,0,0,0,0,0,0
ASV_644,16,0,2,2,6,0,0,0,0,0,0,0,0,0,0,0,0,0,0,0,0,0,0
ASV_645,1,0,2,3,10,0,0,0,0,0,0,0,0,0,0,0,0,0,0,0,0,0,0
ASV_646,0,0,0,0,0,0,0,0,0,0,0,0,0,0,0,0,0,0,1,0,0,0,0
ASV_650,1,0,0,1,0,0,0,0,0,0,0,0,2,10191,14848,84,4496,4081,3,0,1,2,0
ASV_651,0,0,0,0,0,0,0,0,0,0,0,0,0,0,1,0,0,0,0,0,0,0,0
ASV_652,0,0,0,0,0,0,0,0,1,0,0,0,0,0,0,0,0,0,0,0,0,0,0
ASV_656,2,0,0,0,0,0,0,0,0,0,0,0,0,0,0,0,0,0,0,0,0,0,0
ASV_658,0,2,0,0,0,0,0,0,0,3,0,0,0,0,0,0,0,0,0,0,0,0,0
ASV_659,0,0,0,0,0,1,0,0,19,11,25,6,21,0,0,1,0,0,0,0,0,0,0
ASV_660,0,0,0,0,0,0,3,0,0,0,0,0,0,0,0,0,0,0,0,0,0,0,0
ASV_662,0,0,0,1,0,0,2,0,0,0,0,0,0,0,0,0,0,0,0,1,0,0,0
ASV_663,10,0,0,3,0,0,0,0,0,0,0,0,0,0,0,0,0,0,0,0,0,0,0
ASV_664,0,434,6,104,0,0,0,0,0,0,0,0,0,0,0,0,0,0,0,0,0,0,0
ASV_665,0,0,0,0,0,0,0,0,0,0,0,1,0,0,0,0,0,0,0,0,0,0,0
ASV_667,1,0,0,0,0,1,0,0,0,0,0,0,0,0,0,0,0,0,0,0,0,0,0
ASV_668,0,0,0,0,2,0,0,0,0,0,1,0,0,0,0,0,0,0,1,0,0,0,0
ASV_673,1,0,0,0,0,0,0,0,0,0,1,0,0,1,0,0,0,0,0,0,0,0,0
ASV_674,0,0,0,0,0,0,0,0,0,0,0,0,0,95,38,13,83,19,0,0,0,0,0
ASV_675,0,1,0,0,0,1,0,0,0,0,0,0,0,0,0,0,0,0,0,0,1,0,0
ASV_676,0,1,0,0,0,0,0,0,0,0,1,0,0,0,0,0,0,0,0,0,0,0,0
ASV_680,0,0,0,0,0,31,15,0,0,0,0,4,0,0,0,0,0,0,0,0,0,0,0
ASV_682,0,0,0,0,0,1,0,0,0,1,0,0,0,0,0,0,0,0,0,0,0,0,0
ASV_684,0,0,0,0,0,0,0,0,0,0,0,1,0,0,0,0,0,0,0,0,0,0,0
ASV_686,0,0,0,0,6,0,0,0,0,0,11,0,0,0,0,0,0,0,6,0,0,0,0
ASV_691,0,0,0,0,0,0,0,0,0,0,0,0,0,1,0,0,0,0,0,0,0,0,0
ASV_692,0,10163,9,0,86,1,1,0,0,0,0,0,0,0,0,1,0,0,0,0,0,0,0
ASV_693,0,6,0,0,0,158,368,110,0,0,0,0,0,0,0,0,0,0,0,0,0,0,0
ASV_695,0,0,0,0,0,0,0,0,1,0,0,0,0,0,0,0,1,0,0,0,0,0,0
ASV_698,0,0,0,0,0,3,0,8,0,0,0,0,0,0,0,0,0,0,0,0,0,0,0
ASV_699,1,0,0,0,0,1,0,0,0,0,0,0,0,0,0,0,0,0,0,0,0,0,0
ASV_701,0,0,2,0,0,0,0,0,0,0,0,0,0,0,0,0,0,0,0,0,0,0,0
ASV_703,0,0,0,0,0,0,1,29,0,0,0,0,0,0,0,0,0,0,0,0,0,0,0
ASV_704,1,0,0,0,0,0,0,0,0,0,0,0,0,0,0,0,0,0,0,0,0,0,0
ASV_706,0,0,0,0,0,0,0,0,0,0,0,0,0,1,0,0,0,0,0,0,0,1,0
ASV_708,0,1,0,0,3,0,0,0,0,0,0,0,0,0,0,0,0,0,0,0,0,0,0
ASV_710,35,4,1,1,3,102,80,58,17,6,7,1,15,5831,4744,4665,6669,5443,71,58,53,52,51
ASV_711,0,0,0,0,0,0,0,0,0,0,0,0,0,0,0,1,0,0,0,0,0,0,0
ASV_716,0,0,0,0,0,0,0,12,3,3,2,0,2,0,0,0,0,0,0,0,0,0,0
ASV_717,0,0,0,0,0,0,0,0,0,0,0,0,1,0,0,0,0,0,0,0,0,0,0
ASV_719,3,0,0,0,0,0,0,0,0,0,0,0,0,0,0,0,0,0,0,0,0,0,0
ASV_721,0,1,0,0,0,0,0,0,0,0,0,0,0,0,0,0,0,0,0,0,0,0,0
ASV_722,0,0,0,0,0,0,0,0,1,0,0,0,0,0,0,0,0,0,0,0,0,0,0
ASV_723,0,0,0,0,0,0,0,0,0,0,0,0,0,0,0,0,0,0,0,0,0,0,1
ASV_725,0,0,0,0,0,0,0,0,1,1,0,0,0,0,0,0,0,0,0,1,0,0,0
ASV_727,0,0,0,0,0,58,16,62,0,0,0,0,0,0,0,0,0,0,0,0,0,0,0
ASV_728,0,3,0,0,0,0,0,0,0,0,0,0,0,0,0,0,0,0,0,0,0,0,0
ASV_730,52,21,15,25,46,0,0,0,0,0,0,0,0,0,0,0,0,0,0,0,0,0,0
ASV_731,0,0,0,3,1,1,0,0,82,17220,4189,7470,66,0,0,0,0,3,0,3,0,0,0
ASV_733,0,0,0,0,2,0,0,0,0,1,0,0,0,0,0,2,0,0,0,0,0,0,0
ASV_734,0,0,0,2,0,0,0,0,0,1,0,0,0,0,0,0,0,2,0,0,0,0,0
ASV_735,48,5,16,18,10,0,0,0,82,39,58,57,67,349,345,309,225,141,0,0,0,1,0
ASV_737,0,3,0,0,0,19,0,50,0,0,0,0,0,0,0,0,0,0,0,0,0,0,0
ASV_738,3,0,0,0,1,3,2,3,237,323,311,427,253,0,0,0,0,0,1,1,0,0,0
ASV_740,0,0,0,0,0,0,0,0,5,10,6,0,8,5,35,14,16,9,0,0,0,0,0
ASV_741,0,0,0,0,0,3,0,0,0,0,0,0,0,0,0,0,0,0,0,1,0,0,0
ASV_744,0,2,0,0,0,67,144,113,1,0,0,0,0,0,0,0,0,0,0,0,0,0,0
ASV_745,0,0,0,0,0,0,1,0,0,0,0,0,0,0,0,0,0,1,0,0,0,0,0
ASV_748,0,0,0,0,0,1,0,11,4,1,4,4,11,0,0,0,0,0,0,0,0,0,0
ASV_755,3,0,0,0,6,0,0,0,0,0,0,0,0,0,0,0,0,0,0,1,0,0,0
ASV_759,2,0,0,0,0,0,0,0,0,0,0,0,1,0,0,0,0,0,0,0,0,0,0
ASV_762,1,23,3,1,0,551,0,0,0,0,0,0,0,0,0,0,0,0,0,0,0,0,0
ASV_763,0,1,0,2,0,14,91,28,0,0,0,0,0,0,0,0,0,0,0,0,0,0,0
ASV_764,0,2,0,0,0,6,10,1,0,0,0,0,0,0,0,0,0,0,0,0,0,0,0
ASV_765,13,1,3,3,9,1,0,2,0,0,0,0,0,7,18,13,3,3,0,0,0,0,0
ASV_769,0,3,0,0,0,50,11,35,0,0,0,0,0,0,0,0,0,0,0,0,0,0,0
ASV_770,0,0,0,0,0,0,0,1,0,0,0,0,0,0,0,0,0,0,1,0,0,0,0
ASV_776,0,0,0,0,0,0,0,2,0,1,0,0,0,0,0,0,0,0,0,0,0,0,1
ASV_778,0,0,1,0,0,0,0,0,0,0,0,0,0,0,0,0,0,0,0,0,0,0,0
ASV_779,0,0,0,0,0,1,0,20,1,0,0,0,0,0,0,0,2,0,0,0,0,0,1
ASV_781,0,0,1,0,0,0,0,1,0,0,0,0,0,0,0,0,0,0,0,1,0,0,0
ASV_783,0,0,0,3,0,0,0,0,0,1,0,0,0,0,0,0,0,1,0,0,0,0,0
ASV_784,0,0,0,0,0,0,0,0,0,0,0,0,0,0,0,0,0,0,0,0,0,0,1
ASV_786,0,0,0,5,24,0,0,0,0,0,0,1,0,2,0,1,0,0,0,0,0,0,0
ASV_787,1,0,0,0,0,0,0,0,0,0,0,0,0,0,1,0,0,0,0,0,0,0,0
ASV_788,0,0,0,0,0,0,0,0,0,0,0,0,0,0,1,0,0,0,0,0,0,0,0
ASV_789,0,0,0,0,0,0,0,0,0,0,0,0,0,0,1,0,0,0,0,0,0,0,0
ASV_791,0,3,0,0,0,0,0,0,0,0,0,0,0,0,0,0,2,0,0,0,1,0,0
ASV_793,29,19,1,56,23,0,0,0,0,0,0,0,0,38,106,81,23,72,0,0,0,0,0
ASV_794,7803,4651,3295,240,1459,0,0,0,1,1,0,0,0,0,0,2,0,0,0,0,0,0,0
ASV_796,12,0,9,2,4,0,0,0,0,0,0,0,0,0,0,0,0,0,0,0,0,0,0
ASV_797,3,8,0,2,0,0,0,0,2,0,0,0,0,27,7,2,1,0,0,0,0,0,0
ASV_800,0,0,0,0,0,0,0,0,0,1,0,0,0,0,0,0,0,0,0,0,0,0,0
ASV_801,0,0,0,0,0,1,0,0,1,0,0,0,0,0,0,0,0,0,0,0,0,0,0
ASV_802,0,0,0,0,0,1,5,5,0,0,1,0,0,0,0,0,0,0,0,0,0,0,0
ASV_803,0,0,0,0,0,0,0,0,0,0,0,0,0,0,1,0,0,0,0,0,0,0,0
ASV_805,29,21,17,15,0,0,27,0,0,0,0,0,0,0,0,2,0,1,0,0,0,0,0
ASV_806,0,0,0,0,0,1,0,0,0,0,0,0,0,0,0,0,0,0,0,0,0,0,0
ASV_807,0,0,0,0,0,0,0,0,0,0,0,0,0,0,0,0,1,0,0,0,0,0,0
ASV_808,0,0,0,0,0,2,0,0,0,0,0,1,0,1,0,0,0,0,0,0,0,0,0
ASV_809,17,9,2,15,30,0,0,0,0,0,0,0,0,0,0,0,10,0,0,0,0,0,0
ASV_810,40,10,14,18,43,0,0,0,0,0,0,0,0,0,0,0,0,0,0,0,0,0,0
ASV_812,1,0,0,0,2,6,23,60,157,142,173,124,236,1,4,1,12,4,0,0,0,0,0
ASV_819,0,0,0,0,0,1,14,0,0,0,0,0,0,0,0,0,0,0,0,0,0,0,1
ASV_824,0,0,0,0,0,0,0,0,0,0,0,0,0,0,0,0,0,0,0,1,0,0,0
ASV_825,0,0,0,0,0,1,3,85,0,0,0,0,0,0,0,0,0,0,0,0,0,0,0
ASV_830,8,3,0,4,0,0,0,0,0,0,0,0,0,0,0,0,0,0,0,0,0,0,0
ASV_832,0,6,0,0,0,0,0,0,0,0,0,0,0,0,0,0,0,0,0,1,0,0,0
ASV_833,0,0,1,0,0,0,0,0,0,0,0,0,0,0,0,0,0,0,0,0,0,0,0
ASV_834,0,4,0,0,0,396,311,434,0,0,0,0,0,0,0,0,1,0,0,1,0,0,0
ASV_836,0,0,0,0,0,2,0,0,0,0,0,0,0,0,0,0,0,0,0,0,0,0,0
ASV_838,0,0,0,0,0,2,0,0,0,0,0,0,0,0,0,0,0,0,0,0,0,0,0
ASV_839,0,0,0,0,0,0,0,0,76,47,46,33,20,35,34,30,9,11,0,0,0,0,0
ASV_841,0,0,0,0,0,0,0,0,0,1,0,0,0,0,0,0,0,0,0,0,0,0,0
ASV_842,2,6,0,0,19,56,75,130,0,0,0,0,0,8,2,0,4,2,0,0,0,0,0
ASV_849,0,3,0,4,0,0,0,0,0,0,0,0,0,0,0,0,0,0,0,0,0,0,0
ASV_851,0,4,0,0,0,134,111,307,0,0,0,0,0,0,0,0,0,0,0,0,0,0,0
ASV_852,0,0,0,0,0,0,2,2,75,50,54,10,49,0,0,0,0,0,0,0,0,0,0
ASV_853,0,0,0,0,0,1,0,0,0,0,0,0,0,0,0,0,0,0,0,0,0,0,0
ASV_859,0,0,0,2,0,1,0,0,1,0,0,0,0,0,0,0,0,0,0,0,0,0,0
ASV_863,0,0,0,0,0,0,0,0,16,8,5,3,13,1,2,0,0,4,0,0,0,0,0
ASV_864,29,3,7,4,4,64,76,158,146,78,103,62,127,2,0,0,0,0,0,1,0,0,0
ASV_866,0,0,0,0,0,0,7,0,0,0,0,0,0,0,0,0,0,0,0,0,0,0,0
ASV_867,0,1,0,0,0,0,0,0,0,0,0,0,0,0,0,0,0,0,0,0,0,0,0
ASV_870,0,3,0,0,1,26,23,18,16,1,11,0,5,0,1,0,1,1,0,0,0,0,0
ASV_873,0,0,0,0,0,2,0,3,219,125,120,84,181,4,0,0,0,2,0,0,0,0,0
ASV_880,3167,824,1390,1438,2205,2,2,0,0,0,0,0,0,0,1,0,0,1,0,0,0,0,1
ASV_885,110,44,61,42,139,62,4,16,0,0,0,0,0,3,10,6,2,8,0,0,0,0,0
ASV_893,1,0,0,0,0,0,0,0,0,0,0,0,0,0,0,0,0,0,0,0,0,0,0
ASV_895,0,3,0,0,0,0,0,0,0,0,1,0,0,0,0,0,0,0,1,0,0,0,0
ASV_899,80,15,12,59,20,0,0,1,0,0,0,0,0,0,0,0,0,0,0,0,0,0,0
ASV_904,0,0,0,0,0,0,0,0,0,0,0,0,1,0,0,0,0,0,0,0,0,0,0
ASV_905,0,0,1,0,0,0,0,0,0,0,0,0,0,0,0,0,0,0,0,0,0,1,0
ASV_910,0,0,0,0,0,0,0,42,0,0,0,0,0,0,0,0,0,0,0,0,0,0,0
ASV_913,0,0,0,0,0,0,0,0,1,0,0,0,3,27,29,16,20,22,0,0,0,0,0
ASV_914,0,0,1,0,0,0,0,0,0,0,0,0,0,0,0,0,0,0,0,0,0,0,0
ASV_917,0,0,0,0,0,0,1,0,0,0,0,0,0,0,1,0,0,0,0,0,0,0,0
ASV_919,0,0,0,0,0,22,0,0,0,0,0,0,0,1,2,2,0,0,0,0,0,0,0
ASV_920,0,0,0,1,0,0,0,0,0,0,0,0,0,0,0,0,0,0,0,0,0,0,0
ASV_924,0,0,0,0,0,1,40,25,0,0,0,0,0,0,0,0,0,0,0,0,0,0,0
ASV_930,129,21,12,25,107,0,0,0,1,1,1,0,1,766,1199,1031,687,614,0,0,0,0,0
ASV_931,0,0,0,0,1,0,1,0,0,0,0,0,0,0,0,0,0,0,0,0,0,0,0
ASV_933,0,0,0,0,0,9,23,12,0,0,0,0,0,0,0,0,3,0,0,0,0,0,0
ASV_939,0,0,0,0,0,0,0,0,0,0,0,0,0,3,31,3,6,8,0,0,0,0,0
ASV_944,0,0,1,0,0,1,0,0,0,0,0,0,0,0,0,0,1,0,0,0,0,0,1
ASV_950,0,0,0,0,0,5,9,4,0,0,0,0,0,0,0,0,0,0,0,0,0,0,0
ASV_951,0,0,0,0,0,0,0,0,0,0,0,0,0,1,0,0,0,0,0,0,0,0,0
ASV_953,2,34,0,0,0,0,0,0,0,0,0,0,0,0,3,0,0,0,0,0,0,0,0
ASV_954,0,0,0,0,0,32,0,39,0,0,0,0,0,0,0,0,0,0,0,0,0,0,0
ASV_959,0,0,0,0,0,0,0,0,0,0,0,0,1,0,0,0,0,0,0,0,0,0,0
ASV_961,0,0,0,0,0,0,0,0,0,0,0,0,0,0,0,0,0,0,1,0,0,0,0
ASV_962,0,2,1,0,0,47,79,75,0,0,0,0,0,0,0,0,0,0,0,0,0,0,0
ASV_965,0,0,0,0,0,0,39,0,0,0,0,0,0,0,0,0,0,0,0,0,0,0,0
ASV_966,0,0,0,0,0,0,0,0,1,0,0,0,0,0,0,0,0,0,0,0,0,0,0
ASV_967,0,0,0,0,0,0,0,0,1,0,0,0,0,0,0,0,0,0,0,0,0,0,0
ASV_968,0,0,0,0,0,0,0,0,0,0,0,0,1,0,0,0,0,0,0,0,0,0,0
ASV_969,0,0,0,0,0,0,0,0,0,0,0,0,0,0,0,0,0,0,1,0,0,0,0
ASV_970,0,0,0,0,0,0,0,0,0,0,0,0,0,0,0,1,0,0,0,0,0,0,0
ASV_972,0,2,0,0,0,0,0,0,0,0,0,0,0,0,0,0,0,0,0,0,0,0,0
ASV_974,0,0,0,0,1,0,0,0,5,7,4,0,9,0,0,0,0,0,0,0,0,0,0
ASV_975,0,10,0,0,1,0,159,789,0,0,0,0,0,1,0,0,0,0,0,0,0,0,0
ASV_981,0,0,0,0,0,0,0,0,0,0,0,0,0,0,0,0,0,0,0,0,0,1,0
ASV_987,0,1,0,0,0,0,0,0,0,0,0,0,0,0,0,0,0,0,0,0,0,0,0
ASV_990,0,27,0,0,3,15,5420,208,0,0,0,0,0,0,0,0,0,0,0,0,0,0,0
ASV_991,0,0,0,0,0,0,0,0,0,0,1,0,0,0,0,0,0,0,0,0,0,0,0
ASV_993,1,0,0,0,0,0,0,0,0,0,0,0,0,0,0,0,0,0,0,0,0,0,0
ASV_994,0,2,0,0,0,38,29,431,1037,830,983,971,947,0,0,0,0,0,0,0,0,0,0
ASV_996,0,0,0,0,0,0,0,0,1,0,0,0,0,0,0,0,0,0,0,0,0,0,1
ASV_997,0,0,0,0,0,0,0,1,1,0,0,0,18,15088,1989,170,773,1495,0,1,1,2,0
ASV_1003,0,0,0,0,0,0,0,0,0,0,0,1,0,0,0,0,0,1,0,0,0,0,0
ASV_1006,0,0,0,0,0,0,0,0,0,0,0,0,0,0,1,0,0,0,0,0,0,0,0
ASV_1009,0,0,0,0,0,0,0,1,0,0,0,0,0,0,0,0,0,0,0,0,0,0,0
ASV_1013,0,0,0,0,3,0,0,0,0,0,0,0,0,0,0,0,0,0,0,0,0,0,0
ASV_1017,25,7,0,4,21,0,0,0,0,0,3,0,0,0,0,0,0,0,0,0,0,0,0
ASV_1018,0,0,0,0,0,1,0,0,0,0,0,0,0,0,0,0,0,0,0,0,0,0,0
ASV_1020,0,0,0,0,0,0,0,0,0,0,0,0,0,0,0,0,0,0,0,0,0,1,0
ASV_1025,0,0,0,0,0,0,0,1,0,0,0,0,0,0,0,0,0,0,0,0,0,0,0
ASV_1028,0,0,0,3,0,0,0,0,0,0,0,0,0,0,0,0,0,0,0,0,0,0,0
ASV_1030,0,0,0,0,0,0,0,0,0,0,0,0,0,0,0,0,0,0,0,0,0,1,0
ASV_1035,0,0,0,2,0,0,0,0,1,0,2,1,2,0,0,0,0,0,0,0,0,0,0
ASV_1038,0,0,0,0,0,0,0,0,0,0,0,0,0,0,1,0,0,0,0,0,0,0,0
ASV_1043,119,22,19,22,24,0,0,0,0,0,0,0,0,0,1,0,0,0,0,0,0,0,0
ASV_1047,0,0,0,0,0,3,0,0,0,0,0,0,0,0,0,0,0,0,0,0,0,0,0
ASV_1053,1,0,0,0,0,0,0,0,0,0,0,0,0,0,0,0,0,0,0,0,0,0,1
ASV_1065,0,0,0,0,0,0,0,0,0,0,0,0,0,0,0,0,2,0,0,0,0,0,0
ASV_1066,0,0,0,0,0,0,0,0,0,0,0,0,0,0,0,0,0,0,0,0,0,0,2
ASV_1070,0,0,0,0,2,0,0,0,0,0,0,0,0,0,0,0,0,0,0,0,0,0,0
ASV_1073,0,0,0,0,0,0,0,0,0,0,3,0,0,0,0,0,0,0,0,0,0,0,0
ASV_1079,0,0,0,0,0,0,0,0,24,9,7,11,7,52,69,23,15,18,0,0,0,0,0
ASV_1084,0,0,0,0,0,0,0,0,2,0,0,1,0,0,0,0,0,0,0,0,0,0,0
ASV_1085,3,0,0,0,0,0,0,1,0,0,0,0,0,1,0,0,0,3,0,0,0,0,0
ASV_1087,0,0,0,0,0,0,0,0,1,0,0,0,0,0,0,0,0,0,0,0,0,0,0
ASV_1089,0,0,0,0,0,0,0,0,108,65,83,25,80,0,0,0,0,0,0,0,0,0,0
ASV_1090,0,0,0,0,0,0,0,0,0,0,0,0,1,0,0,0,0,0,0,0,0,0,0
ASV_1095,0,0,0,0,0,17,7,19,81,25,64,10,52,4,0,0,3,1,0,0,0,0,0
ASV_1096,0,17,0,3,0,319,607,767,0,0,0,0,0,0,0,0,0,0,0,0,0,0,0
ASV_1100,0,0,0,0,0,18,39,89,0,0,0,0,0,0,0,0,0,0,0,0,0,0,0
ASV_1104,0,0,0,0,0,0,0,3,0,0,4,0,6,0,0,0,0,0,0,0,0,0,0
ASV_1109,0,0,0,0,0,0,0,0,0,0,0,0,0,0,0,0,0,0,0,0,0,0,2
ASV_1110,0,0,0,0,0,9,5,46,826,345,542,322,701,0,0,0,0,2,0,0,0,0,0
ASV_1113,0,0,0,0,0,0,0,0,0,0,0,0,0,0,0,1,0,0,0,0,0,0,0
ASV_1116,29,3,3,21,43,24,8,0,0,0,0,0,0,0,0,0,0,0,0,0,0,0,0
ASV_1120,0,0,0,0,0,0,33,14,0,0,0,0,0,0,0,0,0,0,0,0,0,0,0
ASV_1121,0,0,0,0,0,0,0,2,0,0,0,0,0,0,0,0,0,0,0,0,0,0,0
ASV_1124,0,0,0,0,0,0,0,0,0,0,0,0,0,0,0,1,0,0,0,0,0,0,0
ASV_1131,0,0,0,0,0,0,0,0,0,0,0,0,0,0,1,0,0,0,0,0,0,0,0
ASV_1132,1,0,0,0,0,0,0,0,0,0,0,0,0,0,0,0,0,0,0,0,0,0,2
ASV_1137,0,0,0,0,0,1,0,0,0,0,0,0,0,0,0,0,0,0,0,0,0,0,0
ASV_1138,4,0,0,0,0,0,0,0,0,0,0,0,0,0,0,0,0,0,0,0,0,0,0
ASV_1141,0,9,0,0,1,3,0,0,0,0,0,0,0,0,0,0,0,0,0,0,0,0,0
ASV_1143,0,2,0,0,0,0,247,12,0,15,9,0,15,22,0,0,0,0,0,0,0,0,0
ASV_1151,0,0,0,0,0,1,0,0,0,0,0,0,0,0,0,0,0,0,0,0,0,0,0
ASV_1153,10,1,0,0,26,0,0,0,0,0,0,0,0,0,0,0,0,0,0,0,0,0,0
ASV_1157,0,0,0,0,0,0,0,0,0,0,0,0,0,0,0,0,1,0,0,0,0,0,0
ASV_1165,0,0,0,0,0,0,0,0,9,10,4,17,12,0,0,0,0,0,0,0,0,0,0
ASV_1166,0,0,0,0,0,1,9,3,18,36,8,10,11,0,0,0,0,0,0,0,0,0,0
ASV_1168,1,0,0,0,5,0,0,0,0,0,0,0,0,0,0,0,0,0,0,0,0,0,0
ASV_1174,0,0,0,4,0,4,8,76,0,0,0,0,0,0,0,0,0,0,0,0,0,0,0
ASV_1175,0,2,0,0,0,0,0,0,0,0,0,0,0,0,0,0,0,0,0,0,0,0,0
ASV_1179,0,0,1,0,0,0,0,0,0,0,0,0,0,0,0,0,0,0,0,0,0,0,0
ASV_1182,0,0,0,0,0,0,0,0,0,0,0,0,0,0,0,0,0,0,0,2,0,0,0
ASV_1186,0,0,0,0,0,0,4,0,0,2,3,2,1,0,0,0,0,0,0,0,0,0,0
ASV_1188,8,3,1,10,9,0,0,0,0,0,0,0,0,0,0,0,0,1,0,0,0,0,0
ASV_1189,0,2,0,0,0,38,61,142,0,0,0,0,0,0,0,0,0,0,0,0,0,0,0
ASV_1191,0,0,0,0,0,0,0,0,0,0,0,0,0,2,0,3,0,0,0,0,0,0,0
ASV_1198,0,0,0,0,0,0,0,0,0,0,0,0,0,0,0,0,1,0,0,0,0,0,0
ASV_1200,0,0,0,0,0,0,0,0,0,0,0,0,0,0,4,11,24,8,0,0,0,0,0
ASV_1201,0,0,0,0,0,0,0,0,0,0,0,0,0,1,0,0,0,0,0,0,0,0,0
ASV_1204,0,0,0,0,0,3,1,0,0,0,0,0,0,22,1,0,7,0,0,0,0,0,0
ASV_1205,0,0,0,0,0,0,0,0,0,0,0,0,0,1,0,0,0,0,0,0,0,1,0
ASV_1212,0,0,0,0,0,0,0,0,0,0,0,0,0,0,0,0,0,0,0,0,0,0,1
ASV_1214,0,0,0,0,0,0,0,0,0,0,0,0,0,0,0,0,0,0,0,0,0,1,0
ASV_1215,5,2,32,5,39,0,0,0,30,29,24,10,9,1853,3538,2798,2299,2986,0,0,2,1,0
ASV_1220,0,0,0,0,0,0,0,0,0,0,0,1,0,0,0,0,0,0,0,0,0,0,0
ASV_1221,0,0,0,1,1,0,0,0,24,23,39,31,24,2390,3824,2964,2571,3401,2,0,0,0,2
ASV_1222,0,0,0,0,0,0,2,0,0,0,0,0,0,0,0,0,0,0,0,0,0,0,0
ASV_1224,1,0,0,0,0,0,0,0,0,0,0,0,0,0,0,0,0,0,0,0,0,0,0
ASV_1228,0,0,0,0,0,0,0,0,0,0,0,0,0,0,0,0,0,0,0,0,0,1,0
ASV_1230,2,0,0,0,4,6,12,8,0,0,0,0,0,0,0,0,0,0,0,0,0,0,0
ASV_1231,0,0,0,0,0,6,1,0,0,0,0,0,0,0,0,0,0,0,0,0,0,0,0
ASV_1232,0,0,0,0,17,0,0,0,0,0,0,0,0,0,0,0,0,0,0,0,0,0,0
ASV_1233,0,2,0,0,0,0,0,0,0,0,0,0,0,0,0,0,0,0,0,0,0,0,0
ASV_1236,0,0,0,0,0,0,0,0,3,9,3,2,4,0,0,0,0,0,0,0,0,0,0
ASV_1238,0,0,0,0,0,0,0,0,0,0,0,0,0,3,4,0,3,2,0,0,0,0,0
ASV_1243,0,0,0,0,0,0,0,0,0,0,0,0,0,4,18,17,5,1,0,0,0,0,0
ASV_1244,0,0,0,0,0,0,0,0,0,1,0,0,0,0,0,0,0,0,0,0,0,0,0
ASV_1248,0,0,0,0,0,0,0,0,0,0,0,0,0,0,0,0,0,0,0,0,1,0,0
ASV_1252,0,2,0,0,0,7,31,21,0,0,0,0,0,0,0,0,0,0,0,0,0,0,0
ASV_1254,0,2,6,25,5,0,0,0,0,0,0,0,0,0,0,0,0,0,0,0,0,0,0
ASV_1258,0,0,0,0,0,0,0,0,1,0,0,0,0,0,0,0,0,0,0,0,0,0,0
ASV_1263,87,10,30,56,46,0,0,0,0,5,0,0,0,0,9,3,35,0,0,0,0,0,0
ASV_1264,0,0,0,1,0,1,0,0,89,9282,742,1678,3003,0,0,0,1,0,0,0,0,0,0
ASV_1268,0,0,0,0,0,1,0,0,0,0,0,0,0,0,0,0,0,0,0,0,0,0,0
ASV_1270,0,0,0,1,0,0,0,0,0,0,0,0,0,0,0,0,0,1,0,0,0,0,0
ASV_1280,0,0,0,0,0,0,0,0,0,0,0,0,0,9,66,18,6,15,0,0,0,0,0
ASV_1281,0,0,0,0,3,0,0,0,0,0,0,0,0,0,0,0,0,0,0,0,0,0,0
ASV_1282,0,0,0,0,0,0,0,0,50,13,46,5,45,0,0,0,0,0,0,0,0,0,0
ASV_1283,0,2,0,0,0,0,0,0,0,0,0,0,0,0,0,0,0,0,0,0,0,0,0
ASV_1291,0,0,1,0,0,0,0,0,0,0,0,0,0,0,0,0,0,0,0,0,0,0,0
ASV_1294,30,1,0,0,0,0,0,0,0,0,0,0,0,0,0,0,0,0,0,0,0,0,0
ASV_1298,1,0,0,0,0,0,0,0,0,0,0,0,0,0,0,0,0,0,0,0,0,0,0
ASV_1299,0,0,0,0,7,10,0,0,0,0,0,0,0,0,0,0,0,0,0,0,0,0,0
ASV_1302,0,0,0,2,0,0,0,0,0,0,0,0,0,0,0,0,0,0,0,0,0,0,0
ASV_1305,0,0,0,0,0,0,0,0,0,0,0,0,0,2,16,0,0,4,0,0,0,0,0
ASV_1307,2,98,1,0,1,0,5,11021,0,0,0,0,0,0,0,0,0,0,0,0,0,2,0
ASV_1308,0,2,0,0,0,26,27,39,0,0,0,0,0,0,3,0,0,1,0,0,0,0,0
ASV_1309,0,0,0,0,0,0,0,1,0,0,0,0,0,0,0,0,0,0,0,0,0,0,0
ASV_1314,0,0,0,0,0,0,0,0,0,0,0,0,0,0,0,0,0,0,3,0,0,0,0
ASV_1315,0,0,0,0,0,0,0,2,0,0,0,0,0,0,0,0,0,0,0,0,0,0,0
ASV_1320,0,0,0,0,0,0,0,0,0,0,0,0,0,0,0,0,0,0,0,0,0,1,0
ASV_1321,0,0,0,0,0,0,30,0,1,1,0,3,2,39,4,0,5,5,0,0,0,0,0
ASV_1322,26,12,24,36,46,1,0,0,0,0,0,0,0,0,0,0,0,0,0,0,0,0,0
ASV_1326,554,2035,36,25,6445,1,3,1,0,0,0,0,0,0,0,0,0,0,0,0,0,0,0
ASV_1328,0,0,0,0,0,0,0,0,42,21,31,30,23,16,27,8,11,3,0,0,0,0,0
ASV_1330,0,0,0,0,0,0,0,0,0,0,0,0,0,1,0,0,0,0,0,0,0,0,0
ASV_1339,0,0,2,0,0,0,0,0,0,0,0,0,0,0,0,0,0,0,0,0,0,0,0
ASV_1341,201,67,98,62,9,0,0,0,0,0,0,0,0,0,0,0,0,0,0,0,0,0,0
ASV_1347,0,0,0,0,0,0,0,6,0,0,0,0,0,0,0,0,0,0,0,0,0,0,0
ASV_1349,1,0,0,0,0,0,3,4,0,0,0,0,0,0,0,0,0,1,0,0,0,0,0
ASV_1351,27,16,45,4,9,1,0,0,0,0,0,0,0,0,0,0,0,0,0,0,0,0,0
ASV_1358,0,10,0,0,0,116,276,302,0,1,5,0,0,0,0,0,0,0,0,0,0,0,0
ASV_1366,0,0,0,0,0,0,0,2,0,0,0,0,0,1,0,0,0,0,0,0,0,0,0
ASV_1372,0,0,0,0,0,0,16,0,0,0,0,0,0,0,0,0,0,0,0,0,0,0,0
ASV_1377,0,0,1,0,0,0,0,0,0,0,4,0,3,0,0,0,0,0,0,0,0,0,0
ASV_1378,0,0,0,0,0,0,0,0,0,0,0,1,0,0,0,0,0,0,0,0,0,0,0
ASV_1379,0,0,0,0,0,0,0,1,0,0,0,0,0,10,43,10,8,10,0,0,0,0,0
ASV_1386,0,2,2,4,19,0,0,0,0,0,0,0,0,0,0,0,0,0,0,0,0,0,0
ASV_1391,0,1,0,0,0,414,92,129,12,4,7,3,2,0,0,0,0,0,0,0,0,0,0
ASV_1404,0,0,0,0,0,0,0,0,0,0,0,3,0,0,0,0,1,0,0,0,0,0,0
ASV_1405,0,0,0,0,1,0,0,1,0,0,0,0,0,0,0,0,0,0,0,0,0,0,0
ASV_1406,0,0,0,0,0,0,2,3,0,0,0,0,0,0,0,0,0,0,0,0,0,0,0
ASV_1420,0,0,0,0,0,29,29,35,149,56,152,60,90,0,0,0,0,0,0,0,0,0,0
ASV_1430,22,0,56,3,0,0,0,0,0,0,0,0,0,0,0,0,0,0,0,0,0,0,0
ASV_1434,0,0,1,0,0,0,0,0,0,0,0,0,0,0,0,0,0,0,0,0,0,0,0
ASV_1436,0,7,0,3,0,0,0,0,0,2,0,1,0,16,12,2285,355,9937,0,0,3,2,0
ASV_1437,0,0,0,0,0,0,0,0,0,0,0,0,0,1,0,0,0,0,0,0,0,1,0
ASV_1440,0,37,5,11,9,0,0,0,0,0,0,0,0,0,0,0,0,0,0,0,0,0,0
ASV_1446,0,0,0,0,0,0,0,662,0,0,0,0,0,0,0,0,0,0,0,0,0,0,0
ASV_1451,0,0,0,0,0,2,15,6,0,0,0,0,0,0,0,0,0,0,0,0,0,0,0
ASV_1452,54,22,15,7,22,0,0,0,0,0,0,0,0,7,0,0,0,0,0,0,0,0,0
ASV_1453,1,0,0,41,0,0,0,0,0,0,0,0,0,0,0,0,0,0,0,0,0,0,0
ASV_1458,0,0,0,0,0,9,10,18,0,0,0,0,0,0,0,0,0,0,0,0,0,0,0
ASV_1467,0,0,0,0,0,0,2,26,0,0,0,0,0,0,0,0,0,0,0,0,0,0,0
ASV_1468,0,1,0,0,0,1,0,0,0,0,0,0,0,0,0,0,0,0,0,0,2,0,0
ASV_1470,15,382,45,252,3019,0,0,0,0,0,0,0,0,0,0,0,0,0,0,0,0,0,0
ASV_1474,0,0,0,0,0,2,0,1,0,0,0,5,3,0,2,0,0,6,504,4889,3258,2785,0
ASV_1480,0,0,0,0,0,0,1,0,0,0,0,0,0,0,0,0,0,0,0,0,0,0,0
ASV_1481,0,0,0,0,0,72,65,37,0,0,0,0,0,5,0,0,0,1,0,0,0,0,0
ASV_1482,0,0,0,0,2,0,0,0,0,0,0,0,0,0,0,0,0,0,0,0,0,0,0
ASV_1484,0,0,0,0,0,0,0,0,0,0,0,0,0,0,0,0,1,0,0,0,0,1,0
ASV_1490,0,0,0,0,0,0,2,0,248,103,237,137,289,1,0,0,0,0,0,0,0,0,0
ASV_1491,0,0,0,0,0,0,0,0,0,0,0,2,5,0,0,0,0,0,0,0,0,0,0
ASV_1493,0,0,0,0,0,0,0,0,0,0,0,0,0,0,1,0,0,0,0,0,0,0,0
ASV_1496,0,0,0,0,0,19,0,4,0,0,0,0,0,0,0,0,0,0,0,0,0,0,0
ASV_1498,0,0,0,0,0,0,0,0,0,0,0,0,0,0,0,0,1,0,0,0,0,0,0
ASV_1500,0,0,0,0,0,2,0,8,0,0,0,0,0,0,0,0,0,0,0,0,0,0,0
ASV_1502,0,0,0,0,0,0,0,0,3,2,2,1,5,42,53,34,39,22,0,0,0,0,0
ASV_1506,0,1,0,0,0,0,0,1,0,0,0,0,0,0,0,0,0,0,0,0,0,0,0
ASV_1510,0,0,0,0,0,0,0,0,0,0,0,0,0,0,0,2,0,0,0,0,0,0,0
ASV_1515,0,0,1,0,0,0,0,0,0,0,0,0,0,0,0,0,0,0,0,0,0,0,0
ASV_1516,0,0,0,0,0,1,3,4,0,0,0,0,0,0,0,0,0,0,0,0,0,0,0
ASV_1518,1,0,0,0,0,0,0,0,0,0,0,0,0,0,0,0,0,0,0,0,0,0,0
ASV_1520,0,0,0,0,0,0,0,0,0,0,0,0,1,0,0,0,0,0,0,0,0,0,0
ASV_1522,708,137,226,202,727,0,0,0,0,0,0,0,0,6,4,4,9,1,0,0,0,0,0
ASV_1524,0,3,0,0,0,9,25,12,179,135,117,53,127,17,11,4,2,14,0,0,0,0,0
ASV_1526,32,59,75,90,60,0,0,0,0,0,0,0,0,0,0,0,0,0,0,0,0,0,0
ASV_1533,0,0,0,0,0,0,0,6,0,0,0,0,0,0,0,0,0,0,0,0,0,0,0
ASV_1538,0,0,0,0,0,0,0,0,0,0,0,0,0,0,0,2,0,0,0,0,0,0,0
ASV_1549,13,6,16,6,1,0,0,0,0,0,0,0,0,0,0,0,0,0,0,1,0,0,0
ASV_1557,0,0,0,0,0,0,0,0,0,0,0,0,1,0,7,0,0,0,0,0,0,0,0
ASV_1558,0,3,117,0,3,0,16,0,0,0,0,0,0,0,0,0,0,0,0,0,0,0,0
ASV_1566,0,0,0,0,0,8,0,0,0,0,0,0,0,0,0,0,0,0,0,0,0,0,0
ASV_1568,0,0,0,0,0,0,0,0,0,0,0,0,0,0,0,0,0,1,0,0,0,0,0
ASV_1576,0,0,0,0,0,0,1,1,0,0,0,0,0,1,0,0,0,0,0,0,0,0,0
ASV_1578,0,0,0,0,0,5,3,4,0,0,0,0,0,0,0,0,0,0,0,0,0,0,0
ASV_1583,0,0,0,0,1,0,0,0,0,0,0,0,0,1,0,0,0,0,0,0,0,0,0
ASV_1585,86,32,0,7,11,0,0,0,0,0,0,0,0,0,0,0,0,0,0,0,0,0,0
ASV_1594,0,0,0,0,0,0,0,0,0,0,0,0,0,0,1,0,0,0,0,0,0,0,0
ASV_1596,0,0,0,0,0,0,7,0,0,0,0,0,0,0,0,0,0,0,0,0,0,0,0
ASV_1616,2,0,0,0,0,0,0,0,0,0,0,0,0,0,0,0,0,0,0,0,0,0,0
ASV_1617,0,0,0,0,0,0,0,0,0,0,0,0,0,0,0,0,0,0,0,0,1,0,0
ASV_1622,0,0,0,0,0,0,0,0,0,0,0,0,0,0,0,1,0,0,0,0,0,0,0
ASV_1624,0,0,0,0,0,0,0,0,0,0,0,1,0,0,0,0,1,0,0,0,0,0,0
ASV_1625,0,4,0,0,0,0,0,0,0,0,0,0,0,129,0,8631,0,1933,2,0,0,0,0
ASV_1626,0,0,0,0,0,0,0,0,0,0,0,0,0,2,0,0,0,0,0,0,0,0,0
ASV_1627,0,0,0,0,0,6,2,196,0,0,0,0,0,0,0,0,0,0,0,0,0,0,0
ASV_1631,0,0,0,0,0,4,0,0,0,0,0,0,0,0,0,0,0,0,0,0,0,0,0
ASV_1634,0,0,0,0,0,0,0,1,7,15,6,6,16,0,0,0,0,0,0,0,0,0,0
ASV_1635,0,0,0,0,0,14,17,69,0,0,0,0,0,0,0,0,0,0,0,0,0,0,0
ASV_1639,0,0,0,0,0,0,0,0,0,0,0,0,0,0,0,0,0,0,1,0,0,0,0
ASV_1641,0,0,0,0,0,0,0,0,0,0,0,0,0,2,0,0,0,0,0,0,0,0,0
ASV_1648,0,0,0,0,0,0,40,0,0,0,0,0,0,0,0,0,0,0,0,0,0,0,0
ASV_1649,0,0,0,0,0,0,0,0,0,0,4,0,0,0,0,0,0,0,0,0,0,0,0
ASV_1653,2,0,0,0,0,0,0,0,0,0,0,0,0,0,0,0,0,0,0,0,0,0,0
ASV_1654,62,13,6,3,15,0,0,0,1,0,0,0,0,0,0,0,0,0,0,0,0,0,0
ASV_1665,73,4,0,2,7,0,0,0,0,0,0,0,0,0,0,0,0,0,0,0,0,0,0
ASV_1676,19,0,20,7,15,0,0,0,0,9,4,7,19,5,3,2,1,1,0,0,0,0,0
ASV_1682,0,0,0,0,0,0,0,0,0,0,0,0,0,0,0,0,0,0,0,0,1,0,0
ASV_1686,0,0,1,0,0,0,0,0,0,0,0,0,0,0,0,0,0,0,0,0,0,0,0
ASV_1690,0,0,0,0,0,0,0,0,0,0,0,1,0,0,0,0,0,0,0,0,0,0,0
ASV_1691,5,0,0,0,0,0,0,0,9,9,13,2,18,0,4,0,1,3,0,0,0,0,0
ASV_1695,0,0,0,0,0,0,0,0,94,68,155,68,132,0,0,0,0,0,0,0,0,0,0
ASV_1696,0,37,40,8,4,0,0,0,0,0,0,0,0,0,0,0,0,0,0,0,0,0,0
ASV_1697,0,3,0,0,90,0,0,0,0,0,0,0,0,0,0,0,0,0,0,0,0,0,0
ASV_1702,0,0,0,0,0,0,4,0,0,0,0,0,0,0,0,0,0,0,0,0,0,0,0
ASV_1706,0,0,0,0,0,0,0,0,0,0,1,1,0,0,0,0,0,0,0,0,0,0,0
ASV_1709,0,0,0,0,0,1,2,0,0,0,0,0,0,0,0,0,0,0,0,0,0,0,0
ASV_1711,0,0,0,0,0,0,0,0,0,2,2,0,5,0,2,0,4,0,0,0,0,0,0
ASV_1712,3,3,2,0,0,0,0,0,0,0,0,0,0,5,2,19,9,5,1,0,0,0,0
ASV_1719,1,0,0,0,0,0,0,0,0,0,0,0,0,7,13,19,7,26,0,0,0,0,0
ASV_1720,0,0,0,0,0,0,0,0,0,0,0,0,0,0,0,1,0,0,0,0,0,0,0
ASV_1723,0,3,0,0,0,0,0,1,0,0,0,0,0,0,0,0,0,0,0,0,0,0,0
ASV_1730,0,0,0,0,1,0,0,0,5,2,0,0,2,0,3,0,1,0,0,0,0,0,0
ASV_1731,28,0,0,0,2,0,0,0,0,0,0,0,0,34,61,20,45,16,0,0,0,0,0
ASV_1734,0,0,0,0,0,0,0,0,8,0,1,3,1,0,0,0,0,0,0,0,0,0,0
ASV_1740,12,0,0,12,21,8,0,3,0,0,0,0,0,6,19,3,7,3,0,0,0,0,0
ASV_1743,0,0,0,0,0,0,0,0,1,0,5,4,3,0,0,0,0,0,0,0,0,0,0
ASV_1745,0,5,0,0,0,0,0,147,0,0,0,0,0,0,0,0,0,0,0,0,0,0,0
ASV_1747,1,0,0,0,0,0,0,0,0,0,0,0,0,0,0,0,0,0,0,0,0,0,0
ASV_1748,0,0,0,0,0,0,0,0,0,0,0,0,0,0,0,0,0,0,1,0,0,0,0
ASV_1753,21,3,0,0,0,0,0,0,0,0,0,0,0,0,0,0,0,0,0,0,0,0,0
ASV_1755,0,0,0,0,0,0,0,0,1,3,5,2,3,40,57,44,44,35,0,0,0,0,0
ASV_1764,0,0,0,0,0,0,0,0,1,0,0,0,0,0,0,0,0,0,0,0,0,0,0
ASV_1770,0,0,0,0,0,0,0,0,0,0,0,0,0,0,0,0,1,0,0,0,0,0,0
ASV_1776,0,0,0,0,0,30,15,28,0,0,0,0,0,3,0,0,0,0,0,0,0,0,0
ASV_1779,7,1,0,0,1,0,0,0,0,0,0,0,0,0,0,0,0,0,0,0,0,0,0
ASV_1787,0,0,0,0,0,9,2,5,0,0,0,0,0,0,0,0,0,0,0,0,0,0,0
ASV_1788,0,0,0,0,0,0,0,0,0,0,0,0,0,2,0,0,0,0,0,0,0,0,0
ASV_1794,2,0,0,0,1,0,0,0,0,0,0,0,0,0,0,0,0,0,0,0,0,0,0
ASV_1795,1,2,0,0,0,0,0,0,0,2,0,0,0,0,0,0,0,0,0,0,0,0,0
ASV_1797,0,0,0,0,0,10,2,2,1,4,0,0,5,0,0,0,0,0,0,0,0,0,0
ASV_1798,0,0,0,0,0,8,0,16,0,0,0,0,0,2,2,7,1,1,0,0,0,0,0
ASV_1802,0,0,0,0,0,0,0,0,0,0,1,0,0,0,0,0,0,0,0,0,0,0,0
ASV_1804,5,12,5,0,0,0,0,0,0,0,0,0,0,0,0,0,0,0,0,0,0,0,0
ASV_1806,0,0,0,0,0,0,0,0,1,0,0,0,0,0,0,0,0,0,0,0,0,0,0
ASV_1809,0,0,0,0,0,2,0,0,0,0,0,0,0,0,0,0,0,0,0,0,0,0,1
ASV_1812,0,0,1,0,0,0,0,0,0,0,0,0,0,0,0,0,0,0,0,0,0,0,0
ASV_1821,34,20,33,3,36,0,0,1,0,0,0,0,0,0,0,0,0,0,0,0,0,0,0
ASV_1822,0,0,0,0,0,0,0,0,0,0,0,2,0,0,0,0,0,0,1,0,0,0,0
ASV_1826,0,0,0,0,0,0,0,0,0,1,0,0,0,0,0,0,0,0,0,0,0,0,0
ASV_1828,0,0,0,0,0,0,0,2,0,0,0,0,0,0,0,0,0,0,0,0,0,0,0
ASV_1831,0,0,0,0,0,0,0,0,0,0,0,0,0,0,0,0,0,0,0,0,1,0,0
ASV_1833,0,0,0,0,0,3,0,0,0,0,0,1,0,0,0,0,0,0,0,0,0,0,0
ASV_1834,29,91,74,133,56,28,0,0,0,2,0,0,0,0,0,0,0,0,0,0,0,0,0
ASV_1835,0,0,0,1,0,0,0,0,0,0,0,0,0,0,0,0,0,0,0,0,0,0,0
ASV_1836,0,0,0,0,0,0,0,0,0,0,0,0,0,0,0,0,0,0,0,0,0,0,1
ASV_1838,2,0,0,0,0,0,0,0,0,0,0,0,0,0,0,0,0,0,0,0,0,0,2
ASV_1845,0,0,0,0,0,0,0,0,0,0,0,0,0,0,0,0,1,0,0,0,0,0,0
ASV_1850,8,20,4,0,3,0,0,0,0,0,0,0,0,0,0,0,0,0,0,0,0,0,0
ASV_1852,0,0,0,0,0,0,56,1,0,0,0,0,0,0,0,0,0,0,0,0,0,0,0
ASV_1862,3,1,2,3,5,0,1,0,506,237,369,191,487,1,5,14,3,18,0,0,0,0,0
ASV_1869,0,0,11,0,0,0,0,0,0,0,0,0,0,0,0,0,0,0,0,0,0,0,0
ASV_1874,0,1,0,0,0,0,0,0,0,0,0,0,0,0,0,0,0,0,0,0,0,0,0
ASV_1876,14,141,132,125,64,21,1,3,0,0,0,0,0,0,0,0,0,0,0,0,0,0,0
ASV_1887,0,0,1,0,0,0,0,0,0,3,3,0,0,0,0,0,0,0,0,0,0,0,0
ASV_1897,0,0,0,0,0,3,0,0,0,0,0,0,0,0,0,0,0,0,0,0,0,0,0
ASV_1898,0,0,0,0,0,0,0,0,0,0,0,0,0,0,2,0,0,0,0,0,0,0,0
ASV_1899,0,0,0,0,0,0,0,0,0,0,0,1,0,0,0,0,0,0,0,0,0,0,0
ASV_1904,0,0,0,0,0,0,0,1,0,0,0,0,0,0,0,0,0,0,0,0,0,0,0
ASV_1906,0,0,0,0,0,0,0,0,0,0,0,0,0,0,1,0,0,0,0,0,0,0,0
ASV_1907,0,0,0,0,0,0,0,0,0,0,0,0,0,0,0,9,0,0,0,0,0,0,0
ASV_1912,0,0,0,2,0,0,2,0,0,0,0,0,0,0,0,0,0,0,0,0,0,0,0
ASV_1914,0,0,0,0,0,0,0,0,0,0,0,0,0,0,0,0,0,0,0,0,1,0,0
ASV_1916,0,0,0,0,0,0,0,1,5,0,4,1,2,0,0,0,4,0,0,0,0,0,0
ASV_1917,10,8,11,16,17,0,0,0,0,0,0,0,1,0,0,0,0,0,0,0,0,0,0
ASV_1918,56,55,48,15,45,0,0,0,0,0,0,0,0,0,0,0,0,0,0,0,0,0,0
ASV_1921,0,2,0,0,0,6,3,97,0,0,0,0,0,0,0,0,0,0,0,0,0,0,0
ASV_1923,0,1,0,0,0,0,0,0,0,0,0,0,0,0,0,0,0,0,0,0,0,3,0
ASV_1930,0,0,0,0,0,0,0,0,0,0,0,0,0,0,2,0,0,0,0,0,0,0,0
ASV_1931,0,0,0,0,0,0,0,0,0,0,0,0,0,1,0,0,0,0,0,0,0,0,0
ASV_1933,0,0,0,0,0,9,16,74,0,0,0,0,0,1,0,0,0,0,0,0,0,0,0
ASV_1939,0,0,0,0,0,24,19,13,0,1,0,0,0,0,0,0,0,0,0,0,0,0,0
ASV_1940,2,0,0,0,0,0,0,0,0,0,0,0,0,6,18,0,1,5,0,0,0,0,0
ASV_1942,0,0,0,0,0,0,0,0,1,0,0,0,0,0,0,1,0,0,0,0,0,0,0
ASV_1944,0,0,0,0,0,0,0,0,0,0,0,0,0,0,0,0,0,0,0,0,1,0,0
ASV_1945,0,0,0,0,0,0,0,0,2015,1248,1693,1362,2050,0,0,0,1,4,0,1,0,0,0
ASV_1948,0,0,0,0,0,0,0,4,0,0,0,0,0,0,0,0,0,0,0,0,0,0,0
ASV_1951,0,0,0,0,0,10,16,37,0,0,0,0,0,0,0,0,0,0,0,0,0,0,0
ASV_1952,0,0,0,0,0,0,29,0,20,0,0,2,0,0,0,0,0,0,0,0,0,0,0
ASV_1960,0,0,0,0,0,0,0,0,3,0,0,0,0,0,0,0,0,0,0,0,0,0,0
ASV_1962,40,4,18,28,76,0,0,0,11,0,8,4,4,0,0,0,2,0,0,0,0,0,0
ASV_1966,0,0,0,0,0,0,0,0,0,0,0,0,0,0,0,0,0,0,0,0,2,0,0
ASV_1973,0,0,0,0,0,0,1,0,0,0,0,0,0,0,0,0,0,0,0,0,0,0,0
ASV_1979,0,0,0,0,0,0,0,0,3,0,0,9,3,0,0,0,0,0,0,0,0,0,0
ASV_1989,0,0,0,0,0,0,0,2,0,0,0,0,0,0,0,0,0,0,0,0,0,0,0
ASV_1991,0,0,0,0,0,0,0,0,0,0,0,0,0,0,0,0,0,0,0,0,0,0,1
ASV_2005,0,0,0,0,0,0,19,53,0,0,0,0,0,0,0,0,0,0,0,0,0,0,0
ASV_2007,0,0,0,0,0,0,0,8,0,0,0,0,0,0,0,0,0,0,0,0,0,0,0
ASV_2009,0,0,0,0,0,26,48,82,0,0,0,0,0,0,0,0,0,0,0,0,0,0,0
ASV_2012,0,0,0,0,0,0,0,0,0,0,0,0,0,0,0,0,0,0,0,0,0,0,1
ASV_2016,1,0,0,0,0,0,0,0,0,0,0,0,0,0,0,0,0,0,0,0,0,0,0
ASV_2020,0,0,0,0,0,0,0,0,0,0,0,0,0,0,0,0,1,0,0,0,0,0,0
ASV_2027,0,0,0,0,0,0,0,0,0,0,0,0,0,2,9,0,4,2,0,0,0,0,0
ASV_2033,0,0,0,0,0,0,15,32,0,0,0,0,0,0,0,0,0,0,0,0,0,0,0
ASV_2037,0,0,0,0,0,0,0,0,0,0,0,0,0,0,1,0,0,0,0,0,0,0,0
ASV_2041,33,29,20,18,72,0,0,0,0,0,0,0,0,2,3,0,0,0,0,0,0,0,0
ASV_2042,0,7,71,0,0,0,0,0,0,0,0,0,0,0,0,0,0,0,0,0,0,0,0
ASV_2045,0,0,0,0,0,3,6,0,0,0,0,0,0,0,0,0,0,0,0,0,0,0,0
ASV_2047,3,11,0,0,0,0,0,0,0,0,0,0,0,0,0,0,0,0,0,0,0,0,0
ASV_2048,0,0,0,0,0,0,0,0,5,10,19,2,21,0,0,0,0,0,0,0,0,0,0
ASV_2057,443,83,153,113,132,0,0,0,0,0,0,0,0,0,0,0,0,0,0,0,0,0,0
ASV_2061,0,0,0,0,0,0,0,0,2127,1096,1640,1012,1941,1,0,0,1,0,1,0,0,0,0
ASV_2066,0,0,0,0,0,0,0,0,0,0,0,0,1,0,0,0,1,0,0,0,0,0,0
ASV_2068,1,0,0,0,2,0,1,0,20,8,13,21,13,129,75,71,83,28,0,0,0,0,0
ASV_2070,0,0,0,0,0,0,0,0,1,0,0,0,0,0,0,0,0,0,0,0,0,0,0
ASV_2072,0,0,0,0,0,0,0,0,0,1,1,0,0,3280,1265,1417,1333,460,0,0,0,2,0
ASV_2073,0,0,2,0,0,0,0,0,0,0,0,0,0,1,0,0,0,0,0,0,0,0,0
ASV_2077,0,0,0,0,0,0,0,0,1,0,0,0,0,14,39,13,16,7,0,0,0,0,0
ASV_2083,0,0,0,0,0,86,124,89,0,0,0,0,0,0,0,0,0,0,0,0,0,0,0
ASV_2086,0,0,0,0,0,0,0,0,0,0,0,0,0,0,0,0,0,0,0,0,0,0,1
ASV_2089,0,0,0,0,0,0,0,0,1,0,0,0,0,0,0,0,0,0,0,0,0,0,0
ASV_2095,0,1,0,2,15,1,0,0,577,204,499,207,791,55,72,42,60,44,0,0,0,0,0
ASV_2097,0,1,7,1,36,0,0,0,0,0,0,0,0,0,1,0,0,0,0,0,0,0,0
ASV_2104,0,0,0,0,0,28,20,19,9,4,0,2,7,0,0,0,0,0,0,0,0,0,0
ASV_2107,0,0,0,0,0,0,0,0,0,0,1,0,3,0,0,0,0,0,0,0,0,0,0
ASV_2113,0,0,0,1,0,0,0,0,0,0,0,0,0,0,0,0,1,0,0,0,0,0,0
ASV_2116,0,2,0,0,0,44,53,2,0,0,0,0,0,0,0,0,0,0,0,0,0,0,0
ASV_2125,0,1,0,0,0,94,2,26,7,24,28,0,52,4,3,8,7,4,0,0,0,0,0
ASV_2131,0,0,0,0,0,0,0,0,0,1,0,0,0,0,0,0,0,0,0,0,0,0,0
ASV_2136,0,0,0,0,0,0,0,0,2,0,0,0,0,1,0,0,0,0,0,0,0,0,0
ASV_2137,0,0,0,0,0,1,0,0,4,1,0,0,0,0,0,0,0,0,0,0,0,0,0
ASV_2142,0,1,0,0,0,0,2,58,0,0,0,0,0,0,0,0,0,0,0,0,0,0,0
ASV_2146,0,0,0,0,0,0,80,0,1,0,2,0,0,0,0,0,0,0,0,0,0,0,0
ASV_2154,1,0,0,0,0,0,0,0,0,0,0,0,0,0,0,0,0,0,0,0,0,0,1
ASV_2155,13,3,4,26,0,0,0,0,0,0,0,0,0,0,0,0,0,0,0,0,0,0,0
ASV_2168,0,2,0,0,0,0,0,0,0,0,0,0,0,0,0,0,0,0,0,0,0,0,0
ASV_2170,0,0,1,0,0,0,0,0,0,0,0,0,0,0,0,0,0,0,0,0,0,0,0
ASV_2172,0,0,0,0,0,0,12,42,0,0,0,0,0,0,0,0,0,0,0,0,0,0,0
ASV_2178,0,0,0,0,0,41,3,30,0,0,0,0,0,0,0,0,0,0,0,0,0,0,0
ASV_2179,0,0,0,0,0,0,0,0,0,14,10,0,15,0,0,0,0,0,0,0,0,0,0
ASV_2184,0,0,0,0,0,0,2,4,4,3,5,40,4,1,50,4,14,7,0,0,0,0,0
ASV_2186,1,0,0,0,3,0,0,0,0,0,0,0,0,0,0,0,0,0,0,0,0,0,0
ASV_2196,0,0,0,0,0,45,20,31,0,0,0,0,0,0,0,0,0,0,0,0,0,0,0
ASV_2201,0,0,0,0,0,0,0,0,0,0,0,0,3,0,0,0,0,0,0,0,0,0,0
ASV_2206,0,0,0,0,0,0,0,0,0,0,0,0,0,0,0,0,1,0,0,0,0,0,0
ASV_2207,0,1,0,0,0,8,2,35,0,1,0,0,0,0,0,0,0,0,0,0,0,0,0
ASV_2226,0,0,0,0,9,0,0,0,0,0,0,0,0,0,0,0,0,0,0,0,0,0,0
ASV_2230,0,0,1,0,0,0,0,0,0,0,0,0,0,0,0,0,0,0,0,0,0,0,0
ASV_2231,4,0,0,0,0,0,0,0,0,0,0,0,0,0,0,0,0,0,0,0,0,0,0
ASV_2236,0,0,0,0,0,2,0,0,0,0,0,0,0,0,0,0,0,0,0,0,0,0,0
ASV_2249,0,0,7,0,0,0,0,0,0,0,0,0,0,0,0,0,0,0,0,0,0,0,0
ASV_2255,0,0,0,0,0,0,0,0,0,0,0,0,0,20,18,9,9,5,0,0,0,0,0
ASV_2262,0,0,0,0,0,16,9,151,1,1,0,0,1,0,0,0,0,0,0,0,0,0,0
ASV_2263,5,0,0,0,0,0,7,0,0,0,0,0,0,0,2,0,0,0,0,0,0,0,0
ASV_2264,0,0,0,0,0,0,0,0,0,0,0,0,0,0,0,0,0,0,0,0,0,0,1
ASV_2265,2,0,0,0,1,0,0,0,0,0,0,0,1,5,9,7,1,5,0,0,0,0,0
ASV_2266,0,0,0,0,0,0,1,0,0,0,0,0,0,0,0,0,0,0,0,0,0,0,0
ASV_2271,0,2,0,0,0,0,0,0,214,138,205,123,262,3,0,0,1,0,0,0,1,0,0
ASV_2275,722,798,525,632,449,0,0,0,0,0,0,0,0,0,0,0,0,0,0,0,0,0,0
ASV_2278,1,0,0,0,0,0,0,0,0,0,0,0,0,0,0,0,0,0,0,0,0,0,0
ASV_2279,0,0,0,0,0,0,0,0,3,3,0,0,0,0,0,0,0,0,0,0,1,0,0
ASV_2284,0,0,0,0,0,0,1,7,0,0,0,0,3,0,0,0,0,0,0,0,0,0,0
ASV_2288,1,0,2,0,3,0,0,0,0,0,0,0,0,0,0,0,0,0,0,0,0,0,0
ASV_2291,52,5,0,14,13,0,0,0,0,0,0,0,0,0,0,0,0,0,0,0,0,0,0
ASV_2293,2,0,0,4,0,0,0,0,0,0,0,0,0,0,0,0,0,0,0,0,0,0,0
ASV_2297,0,0,0,0,1,1,0,0,0,0,0,0,0,0,0,0,0,0,0,0,0,0,0
ASV_2299,0,0,0,0,0,0,24,0,0,0,0,0,0,0,0,0,0,0,0,0,0,0,0
ASV_2309,0,0,0,0,0,0,0,1,9,5,1,2,14,0,1,0,0,0,0,0,0,0,0
ASV_2316,0,0,0,0,0,0,0,78,0,0,0,0,0,0,0,0,0,0,0,0,0,1,0
ASV_2324,0,0,0,0,0,0,0,6,0,0,0,0,0,0,0,0,0,0,0,0,0,0,0
ASV_2326,0,3,0,0,0,4,0,2,25,49,53,17,27,0,0,0,0,0,0,0,0,0,0
ASV_2330,0,0,0,0,0,5,12,20,0,0,0,0,0,0,0,0,0,0,0,0,0,0,0
ASV_2331,0,0,0,1,0,0,0,0,0,0,0,0,0,0,0,0,0,0,0,0,0,0,0
ASV_2336,0,0,1,0,0,0,0,0,0,0,0,0,0,0,0,0,0,0,0,0,0,0,0
ASV_2340,1,2,0,0,0,0,124,114,0,0,0,0,0,0,0,0,0,0,0,0,0,0,0
ASV_2341,0,0,0,0,0,0,0,0,1,31,11,6458,2,0,0,0,0,0,0,3,0,0,0
ASV_2345,0,0,0,0,0,0,0,0,8,9,8,0,2,0,0,0,0,0,0,0,0,0,0
ASV_2353,1,0,1,0,0,13,17,85,0,0,0,0,0,0,0,0,0,0,0,0,0,0,0
ASV_2354,0,2,0,0,0,0,164,100,0,0,0,0,17,0,0,0,0,0,0,0,0,0,0
ASV_2372,0,0,0,0,0,0,0,0,0,0,0,0,0,0,0,0,0,0,0,0,0,0,1
ASV_2376,5681,74,48,46,27,1,0,2,0,0,0,0,0,0,0,0,0,0,0,0,0,0,0
ASV_2388,0,0,0,0,0,0,0,0,0,0,0,0,0,0,0,0,0,0,0,0,0,0,1
ASV_2390,0,0,0,0,0,0,0,0,0,0,0,0,21,0,0,0,0,0,0,0,0,0,0
ASV_2392,0,0,0,0,0,1,3,42,0,0,0,1,0,0,0,0,0,0,0,0,0,0,0
ASV_2398,0,0,0,0,0,0,0,0,0,0,1,0,0,0,0,0,0,0,0,0,0,0,0
ASV_2406,10,11,13,34,25,0,1,0,0,0,5,0,0,0,0,0,0,1,0,0,0,0,0
ASV_2422,0,0,0,0,0,0,0,6,0,0,0,0,0,0,0,0,0,0,0,0,0,0,0
ASV_2423,0,0,0,0,0,0,0,0,0,0,1,0,0,0,0,0,0,0,0,0,0,0,0
ASV_2429,22,0,0,0,0,0,0,0,0,0,0,0,2,4,0,1,5,0,0,0,0,0,0
ASV_2431,0,0,0,0,0,0,0,0,5,0,2,0,0,5,7,2,7,3,0,0,0,0,0
ASV_2435,0,5,0,14,4,0,0,0,0,0,0,0,0,0,0,0,0,0,0,0,0,0,0
ASV_2442,4,0,0,0,8,0,0,0,0,0,0,0,0,0,0,0,0,0,0,0,0,0,0
ASV_2451,8,0,0,0,0,19,49,117,0,0,0,0,0,0,0,0,0,0,0,0,0,0,0
ASV_2459,0,0,0,0,0,0,0,0,0,0,0,0,0,0,0,0,0,0,0,0,0,0,1
ASV_2462,2,0,2,0,1,8,0,4,0,0,0,0,0,0,0,0,0,0,0,0,0,0,0
ASV_2468,0,0,0,0,0,1,0,0,0,0,0,0,0,0,0,0,0,0,0,0,0,0,0
ASV_2476,0,0,0,0,0,0,0,0,4,1,0,0,3,0,1,0,0,0,0,0,0,0,0
ASV_2478,0,0,0,0,0,0,3,0,0,0,0,0,0,0,0,2,0,0,0,0,0,0,0
ASV_2490,0,1,0,2,43,0,0,0,0,0,0,0,0,0,6,0,2,0,0,0,0,0,0
ASV_2491,0,0,0,0,0,0,0,0,0,0,0,0,0,0,0,0,0,0,0,0,0,0,1
ASV_2494,0,0,0,0,0,0,0,0,0,0,0,0,0,0,0,1,0,0,0,0,0,0,0
ASV_2503,0,0,1,0,0,0,0,0,0,0,0,0,0,0,0,0,0,0,0,0,0,0,0
ASV_2514,0,5,0,0,0,70,125,66,52,47,37,6,17,44,39,39,66,32,0,0,0,0,0
ASV_2515,0,1,0,0,0,177,6,40,0,0,0,0,0,0,0,0,0,0,0,0,0,0,0
ASV_2523,0,1,0,0,0,0,59,0,0,0,0,0,0,0,0,4,0,0,0,0,0,0,0
ASV_2525,26,3,4,5,2,0,0,0,0,0,0,0,0,0,0,0,0,0,0,0,0,0,0
ASV_2532,14,9,0,0,13,0,0,0,0,0,0,0,0,0,0,0,0,0,0,0,0,0,0
ASV_2534,0,0,0,2,3,0,0,0,0,0,0,0,0,0,0,0,0,0,0,0,0,0,0
ASV_2547,0,0,0,0,6,0,0,0,1,9,2,0,5,0,0,0,0,0,0,0,0,0,0
ASV_2550,1,0,0,0,0,0,0,0,0,0,0,0,0,0,0,0,0,0,0,0,0,0,0
ASV_2554,0,3,0,0,0,16,14,23,5,4,4,0,0,0,0,0,0,0,0,0,0,0,0
ASV_2556,5,1,1,7,9,30,26,32,0,0,0,0,0,0,0,0,0,0,0,0,0,0,0
ASV_2561,0,2,5,0,1,0,0,0,7,40,9,2,0,22,14,24,48,30,226,117,114,97,85
ASV_2564,0,0,0,0,0,0,3,0,0,0,0,0,0,0,0,0,0,0,0,0,0,0,0
ASV_2572,0,0,0,0,0,0,0,0,5,4,8,0,6,0,0,0,0,0,0,0,0,0,0
ASV_2576,0,5,0,0,0,36,1,31,0,0,0,0,0,0,0,0,0,0,0,0,0,0,0
ASV_2577,0,0,0,0,0,0,23,31,0,0,11,0,0,1,0,0,0,0,0,0,0,0,0
ASV_2584,16,32,8,10,3,0,0,0,0,0,0,0,0,0,0,0,0,0,0,0,0,0,0
ASV_2586,0,0,0,0,0,0,0,0,0,0,0,0,0,18,44,29,30,30,0,0,0,0,0
ASV_2587,2,0,0,0,0,0,0,0,0,0,0,0,0,0,0,0,0,0,0,0,0,0,0
ASV_2590,0,0,0,0,0,2,0,5,6,8,3,3,3,0,0,0,0,0,0,0,0,0,0
ASV_2593,0,0,0,0,4,5,0,0,0,0,0,0,0,0,0,0,0,0,0,0,0,0,0
ASV_2599,0,0,0,0,0,0,0,0,0,1,0,0,0,0,0,0,0,0,0,0,0,0,0
ASV_2600,0,0,0,0,0,0,0,0,0,0,0,0,0,0,0,0,0,0,0,0,0,0,1
ASV_2601,5,1,8,10,3,0,0,0,0,0,0,0,0,0,0,0,0,0,0,0,0,0,0
ASV_2602,0,0,0,0,0,1,0,0,0,0,0,0,0,0,0,0,1,0,0,0,0,0,0
ASV_2619,0,0,0,0,0,0,0,0,0,0,0,0,0,0,0,0,0,0,0,1,0,0,0
ASV_2620,0,0,0,0,0,0,0,0,0,0,0,0,0,0,0,0,0,0,0,0,0,0,2
ASV_2621,1,0,0,0,0,0,0,0,1,0,0,0,0,0,0,0,0,0,0,0,0,0,0
ASV_2630,0,0,0,0,0,0,0,0,0,0,0,0,0,1,0,0,0,0,0,0,0,0,0
ASV_2632,0,0,0,0,0,0,0,0,0,0,1,0,0,0,15,0,4,0,0,0,0,0,0
ASV_2633,0,1,0,0,0,2,0,1,20,7,11,10,6,15,35,33,31,28,174,113,111,237,125
ASV_2641,0,0,0,0,0,0,0,0,0,0,1,1,0,0,0,0,0,0,0,0,0,0,0
ASV_2643,0,1,6,221,1,0,0,0,0,0,0,0,0,0,0,0,0,0,0,0,0,0,0
ASV_2645,0,0,0,0,0,0,0,0,0,0,1,0,0,0,2,0,0,0,937,1010,1113,1363,990
ASV_2647,0,3,2,3,0,0,0,0,0,0,0,0,0,0,0,0,0,0,0,0,0,0,0
ASV_2661,0,0,2,0,0,0,0,0,5,0,0,0,0,0,0,0,0,0,0,0,0,0,0
ASV_2670,1,0,0,1,2,0,0,0,0,0,0,0,0,0,0,0,0,0,0,0,0,0,0
ASV_2672,2,3,0,1,3,13,31,9,4,20,1,7,1,0,0,0,0,0,0,0,0,0,0
ASV_2676,28,4,15,16,20,0,0,0,0,1,2,0,0,94,118,86,79,39,0,0,0,0,0
ASV_2679,0,0,0,3,0,0,5,0,0,0,0,0,0,0,0,0,0,0,0,0,0,0,0
ASV_2681,0,0,0,0,0,1,0,0,0,0,0,0,0,0,0,0,0,0,0,0,0,0,0
ASV_2682,0,0,0,0,0,0,1,0,5399,0,1,0,2,0,0,0,0,0,0,0,0,0,0
ASV_2685,0,0,0,0,0,7,16,10,0,0,0,0,0,0,0,0,0,0,0,0,0,0,0
ASV_2690,80,12,0,59,47,0,0,0,6,4,0,0,0,0,0,0,0,0,0,0,0,0,0
ASV_2694,0,0,0,0,0,0,3,0,0,0,0,0,0,0,0,0,0,0,0,0,0,0,0
ASV_2696,0,1,2,0,0,0,0,0,6,5,0,0,0,0,0,0,4,0,0,0,0,0,0
ASV_2700,0,0,0,0,0,10,5,12,2,0,3,7,3,0,0,0,0,0,0,0,0,0,0
ASV_2712,0,0,0,0,0,0,0,0,8,2,10,0,0,0,0,4,5,1,0,0,0,0,0
ASV_2713,0,0,0,0,0,0,4,0,0,0,0,0,0,0,0,0,0,0,0,0,0,0,0
ASV_2714,0,0,0,0,0,0,0,1,61,18,24,17,38,0,0,0,0,0,0,0,0,0,0
ASV_2718,0,0,0,0,0,0,0,0,0,0,0,0,0,0,7,0,0,0,0,0,0,0,0
ASV_2722,0,0,0,0,0,0,0,0,0,0,0,0,0,0,0,0,0,0,0,0,0,1,0
ASV_2723,0,0,0,0,0,0,0,18,3,2,0,0,6,0,0,0,0,0,0,0,0,0,0
ASV_2739,0,0,0,1,0,0,0,0,1,0,0,0,0,0,0,0,0,0,0,0,0,0,0
ASV_2743,0,0,0,0,0,4,1,0,3,1,2,0,0,0,0,0,0,0,0,0,0,0,0
ASV_2750,0,0,0,0,0,0,0,0,0,3,0,0,3,0,0,0,0,0,0,0,0,0,0
ASV_2752,0,0,0,0,0,0,2,0,0,0,0,0,0,0,0,0,0,0,0,0,0,0,0
ASV_2753,0,0,0,0,3,0,1,4,12,2,4,2,0,0,0,0,0,0,0,0,0,0,0
ASV_2754,0,0,0,0,1,0,0,0,0,0,0,0,0,0,0,0,0,0,0,0,0,0,0
ASV_2755,0,0,0,0,0,0,0,3,0,0,0,0,0,0,0,0,0,0,0,0,0,0,0
ASV_2764,0,0,0,0,0,0,3,3,0,0,0,0,0,0,0,0,0,0,0,0,0,0,0
ASV_2777,0,0,0,0,0,0,0,0,0,0,0,0,0,0,0,0,0,0,0,1,0,0,0
ASV_2778,0,0,0,0,0,0,0,1,0,0,0,0,0,0,0,0,0,0,0,0,0,0,0
ASV_2779,0,3,0,0,0,237,0,0,0,0,0,0,0,0,0,0,0,0,0,0,0,0,0
ASV_2786,0,0,0,0,0,0,0,0,0,0,0,3,0,0,0,0,0,0,0,0,0,0,0
ASV_2795,0,0,0,0,0,0,0,0,0,0,0,0,0,29,56,24,22,19,0,0,0,0,0
ASV_2803,4,5,0,0,7,0,0,0,0,0,0,0,0,0,0,0,0,0,0,0,0,0,0
ASV_2813,0,2,0,0,0,0,0,0,0,0,0,0,0,0,0,0,0,0,0,0,0,0,0
ASV_2819,0,0,0,0,0,0,0,0,0,0,0,0,0,0,0,0,1,0,0,0,0,0,0
ASV_2823,0,0,0,0,0,0,0,0,0,0,0,0,0,0,0,0,0,0,0,0,0,0,2
ASV_2826,0,0,0,0,0,0,25,0,0,0,0,0,0,0,0,0,0,0,0,0,0,0,0
ASV_2833,0,0,0,0,0,0,0,0,0,0,0,0,0,82,15,51,57,13,0,0,0,0,0
ASV_2837,0,0,0,0,0,0,0,0,9,4,3,4,2,0,0,0,0,0,0,0,0,0,0
ASV_2843,0,0,0,0,0,0,9,0,0,0,0,0,0,0,0,0,0,0,0,0,0,0,0
ASV_2847,0,0,0,0,0,0,0,0,2,1,76,82,2,16,31,0,1780,2950,0,0,0,0,0
ASV_2853,0,0,0,0,0,0,9,1,144,110,127,133,97,0,0,0,0,0,0,0,0,0,0
ASV_2867,0,0,0,0,0,0,0,0,0,0,0,0,0,0,0,3,0,0,0,0,0,0,0
ASV_2869,2,0,1,3,0,0,0,0,0,0,0,0,0,0,0,0,0,0,0,0,0,0,0
ASV_2881,0,0,0,0,0,6,0,5,0,0,0,0,0,0,0,0,0,0,0,0,0,0,0
ASV_2882,1,0,0,0,0,0,0,0,0,0,0,0,0,0,0,0,0,0,0,0,0,0,0
ASV_2883,0,0,0,0,0,36,0,11,18,3,0,3,1,0,0,0,0,0,0,0,0,0,0
ASV_2884,0,0,0,0,0,0,0,0,5,3,3,0,10,0,0,0,0,0,0,0,0,0,0
ASV_2890,0,0,3,0,0,0,0,0,25,12,5,10,12,0,0,0,0,0,0,0,0,0,0
ASV_2904,62,8,22,3,21,0,0,0,0,0,0,0,0,80,71,36,26,23,0,0,0,0,0
ASV_2913,0,0,1,0,0,0,0,0,0,0,0,0,0,0,0,0,0,0,0,0,0,0,0
ASV_2922,3,0,0,0,0,0,0,0,0,0,0,0,0,0,0,0,0,0,0,0,0,0,0
ASV_2937,0,6,0,0,0,0,45,367,0,0,0,0,0,0,0,0,0,0,0,0,0,0,0
ASV_2938,0,0,0,0,0,0,0,0,0,0,0,0,2,0,0,0,0,0,0,0,0,0,0
ASV_2940,0,0,3,0,0,0,0,0,1,0,0,0,0,0,0,0,0,0,0,0,0,0,0
ASV_2952,0,2,491,0,0,0,26,0,0,0,0,0,0,0,0,0,0,1,0,0,0,0,0
ASV_2958,1,27,0,0,0,256,157,3811,0,0,0,0,0,0,0,0,0,0,0,0,0,0,0
ASV_2959,0,4,0,0,0,0,0,0,0,0,0,0,0,10,7,0,0,0,0,0,0,0,0
ASV_2972,0,0,0,0,0,0,4,0,0,0,0,0,0,0,0,0,0,0,0,0,0,0,0
ASV_2973,1,0,0,0,1,0,0,1,0,0,0,0,0,0,0,0,0,0,0,0,0,0,0
ASV_2975,5,3,1,0,0,0,0,0,11,2,0,0,0,9,5,2,1,9,0,0,0,0,0
ASV_2979,0,0,0,0,0,0,0,0,0,1,0,0,0,0,0,0,0,0,0,0,0,0,0
ASV_2983,0,0,0,0,0,0,0,0,1,0,0,0,0,1,0,0,1,0,0,0,0,0,0
ASV_2986,32,8,15,24,56,0,0,0,0,0,0,0,0,0,0,0,0,0,0,0,0,0,0
ASV_2987,0,0,0,0,0,0,0,0,0,0,0,1,0,0,0,0,0,0,0,0,0,0,0
ASV_2990,0,0,0,0,0,0,0,0,0,0,0,0,1,0,0,0,0,0,0,0,0,0,0
ASV_2991,0,0,0,0,0,0,0,0,36,12,9,26,26,0,0,0,0,0,0,0,0,0,0
ASV_2999,0,0,0,0,0,0,2,0,0,0,0,0,0,0,0,0,0,0,0,0,0,0,0
ASV_3002,0,0,0,0,0,0,1,0,0,0,0,0,0,0,0,0,0,0,0,0,0,0,0
ASV_3003,2,0,0,0,0,0,0,0,0,0,0,0,0,0,0,0,0,0,0,0,0,0,0
ASV_3015,0,0,0,0,0,7,2,1,68,32,65,18,80,0,0,0,0,2,0,0,0,0,0
ASV_3017,0,0,0,0,0,0,0,0,0,0,0,0,0,0,0,1,0,0,1,0,0,0,0
ASV_3020,0,0,0,0,1,0,0,0,1274,621,1009,515,1104,0,0,0,1,0,0,0,0,0,0
ASV_3028,0,0,0,0,0,0,2,3,0,0,0,0,0,0,0,0,0,0,0,0,0,0,0
ASV_3034,2,0,0,0,0,0,0,0,0,0,0,0,0,0,0,0,0,0,0,0,0,0,0
ASV_3036,0,0,0,0,0,0,0,0,0,0,0,0,0,0,1,7,1,0,0,0,0,0,0
ASV_3038,0,0,0,0,5,0,0,0,14,9,5,14,2,204,85,60,129,62,0,1,0,0,0
ASV_3039,0,3,0,0,8,0,0,0,0,0,0,0,0,0,0,0,0,0,0,0,0,0,0
ASV_3043,0,0,0,0,0,0,0,0,0,0,0,0,0,0,0,2,0,3,0,0,0,1,0
ASV_3047,0,0,0,0,0,0,0,0,3,6,16,2,9,0,0,0,0,0,0,0,0,0,0
ASV_3056,0,0,0,0,0,19,274,2,0,0,0,0,0,0,0,0,0,0,0,1,0,0,0
ASV_3058,13,1,15,6,33,0,0,0,0,0,0,0,0,1,4,0,3,0,0,0,0,0,0
ASV_3061,0,0,0,1,0,0,0,0,0,0,0,0,0,0,0,0,0,0,0,0,0,0,0
ASV_3066,0,0,0,0,0,0,13,0,0,0,0,0,0,0,0,0,0,0,0,0,0,0,0
ASV_3067,0,32,0,0,0,0,3,4375,0,0,0,0,0,0,0,0,0,0,0,0,0,0,0
ASV_3071,0,0,0,0,0,0,40,0,0,0,0,0,0,0,0,0,0,0,0,0,0,0,0
ASV_3078,0,0,0,0,0,0,0,0,0,0,0,0,0,5,0,0,0,0,0,0,0,0,0
ASV_3082,0,0,0,0,0,0,0,0,1,0,0,0,0,0,0,0,0,0,0,0,0,0,0
ASV_3084,0,0,0,0,0,0,0,0,0,0,0,0,0,0,0,0,0,0,1,0,0,0,0
ASV_3085,0,0,0,0,0,6,16,0,0,0,0,0,0,0,0,0,0,0,0,0,0,0,0
ASV_3087,0,0,0,2,0,0,0,0,0,0,0,0,0,5,3,0,2,2,0,0,0,0,0
ASV_3090,0,0,0,0,0,0,0,0,0,0,0,0,0,35,53,100,1800,2379,0,1,0,0,0
ASV_3094,0,0,5,4,3,0,0,0,0,0,0,0,0,0,0,0,0,0,0,0,0,0,0
ASV_3096,0,1,0,0,0,0,0,0,0,0,0,0,0,0,0,0,0,0,0,0,0,0,0
ASV_3102,0,0,0,0,0,0,0,0,0,1,0,0,0,0,0,0,0,0,0,0,0,0,0
ASV_3114,8,3,0,0,2,0,0,0,0,0,0,0,0,1,2,3,2,5,0,0,0,0,0
ASV_3123,115,0,0,0,0,0,0,0,0,0,0,0,0,0,0,0,0,0,0,0,0,0,0
ASV_3128,3,0,0,15,3,0,0,0,0,0,0,0,0,0,0,0,0,0,0,0,0,0,0
ASV_3131,0,11,521,7,0,0,0,0,0,0,0,0,0,0,0,0,0,0,0,0,0,0,0
ASV_3135,0,0,2,4,0,0,0,0,0,0,2,0,0,25,28,18,35,15,0,0,0,0,0
ASV_3136,0,0,0,0,0,1,0,0,0,0,0,0,0,0,0,0,0,0,0,0,0,0,0
ASV_3140,0,0,0,0,0,0,2,5,4,0,0,3,5,0,0,0,0,0,0,0,0,0,0
ASV_3164,0,0,0,0,0,2,0,7,0,0,0,0,0,0,0,0,0,0,0,0,0,0,0
ASV_3165,0,2,0,0,0,0,0,0,0,0,0,0,0,0,0,0,0,0,0,0,0,0,0
ASV_3166,0,0,0,0,0,0,0,0,0,0,0,0,0,0,0,0,0,1,0,0,0,0,0
ASV_3175,0,1,0,0,0,159,90,88,0,0,0,0,0,0,0,0,0,0,0,0,0,0,0
ASV_3176,0,3,0,0,0,0,0,44,0,0,0,0,0,0,0,0,0,0,0,0,0,0,0
ASV_3178,0,0,0,0,0,11,4,0,0,0,0,0,0,0,0,0,0,1,0,0,0,0,0
ASV_3179,0,0,1,0,0,0,0,0,239,119,253,56,250,10,16,13,12,10,0,0,0,0,0
ASV_3181,0,2,0,2,0,506,248,361,0,0,0,0,0,0,0,0,0,0,0,0,0,0,0
ASV_3185,0,0,0,0,0,9,0,0,0,0,0,0,0,1,0,0,0,1,0,0,0,0,0
ASV_3199,0,0,0,0,0,0,0,0,0,0,2,0,1,9,14,9,6,5,0,0,0,0,0
ASV_3207,0,0,0,0,0,0,5,0,0,0,0,0,0,0,0,0,0,0,0,0,0,0,0
ASV_3236,366,144,150,208,407,2,1,1,4,3,4,4,1,9,9,0,4,0,0,0,0,0,0
ASV_3237,0,6,0,0,2,16,42,131,0,0,0,0,0,0,0,0,0,0,0,0,0,0,0
ASV_3239,0,0,0,0,0,0,0,0,0,0,2,2,2,0,0,0,0,0,0,0,0,0,0
ASV_3242,0,0,0,0,0,0,0,0,0,0,0,0,0,0,0,0,5,0,0,0,0,0,0
ASV_3245,0,0,0,0,0,0,0,0,881,532,704,558,791,0,0,0,0,0,0,0,0,0,0
ASV_3258,0,0,0,0,0,103,9,34,0,0,0,0,0,0,0,0,0,0,0,0,0,0,0
ASV_3262,10,3,0,0,0,0,0,0,0,0,0,0,0,0,1,0,0,0,0,0,0,0,0
ASV_3276,0,0,0,1,0,0,0,4,0,0,0,0,0,0,0,0,0,0,0,0,0,0,0
ASV_3284,0,0,0,0,1,0,0,0,0,0,0,0,0,0,0,0,0,0,0,0,0,0,0
ASV_3285,0,0,0,0,0,16,0,0,0,0,0,0,0,0,0,0,0,0,0,0,0,0,0
ASV_3286,0,2,0,0,0,0,0,0,0,0,0,0,0,0,0,0,0,0,0,0,0,0,0
ASV_3287,0,0,2,0,0,0,0,0,0,0,0,0,0,0,0,0,0,0,0,0,0,0,0
ASV_3305,0,0,0,0,0,0,1,0,1461,500,1008,270,732,0,0,0,0,3,1,0,0,0,0
ASV_3330,0,0,0,0,0,0,0,0,2,1,0,0,3,0,0,0,0,0,0,0,0,0,0
ASV_3332,0,0,15,0,0,0,0,0,0,0,0,0,0,0,0,0,0,0,0,0,0,0,0
ASV_3334,0,0,0,0,0,0,19,27,0,0,0,0,0,0,0,0,0,0,0,0,0,0,0
ASV_3340,0,0,0,0,0,0,0,2,2,0,0,0,2,0,0,0,0,0,0,0,0,0,0
ASV_3342,0,0,1,0,0,0,0,0,0,0,0,0,0,0,0,0,0,0,0,0,0,0,0
ASV_3343,86,34,9,37,138,0,0,0,0,0,0,0,0,6,3,0,0,5,1,0,0,0,0
ASV_3347,0,0,0,0,0,0,2,0,1,0,0,0,0,0,5,0,13,0,0,0,0,0,0
ASV_3349,0,0,0,0,0,0,0,0,0,3,0,0,0,0,0,0,0,0,0,0,0,0,0
ASV_3365,0,0,0,0,0,0,0,6,0,0,0,0,0,0,0,0,0,0,0,0,0,0,0
ASV_3383,0,0,0,0,0,0,1,0,0,0,0,0,0,28,71,20,26,44,0,0,0,0,0
ASV_3384,33,9,0,0,17,0,0,0,940,556,595,602,778,18,8,10,10,4,0,0,1,0,0
ASV_3388,0,0,0,0,0,0,0,0,0,0,0,0,0,0,0,0,0,0,0,0,1,0,0
ASV_3393,0,0,0,0,0,2,0,0,0,0,0,0,0,0,0,0,0,0,0,0,0,0,0
ASV_3394,0,0,0,0,0,0,0,0,0,0,0,0,0,0,0,1,0,0,0,0,0,0,0
ASV_3395,0,0,0,2,1,0,0,0,922,493,662,873,861,0,0,0,0,0,0,1,0,0,0
ASV_3399,0,0,0,0,0,0,0,0,0,0,0,0,0,0,0,0,0,0,0,0,1,0,0
ASV_3401,0,0,0,0,0,0,0,0,0,1,0,0,0,0,0,0,0,0,0,0,0,0,0
ASV_3415,0,0,0,0,0,0,0,154,0,0,0,0,0,0,0,0,0,0,0,0,0,0,0
ASV_3416,0,0,0,0,0,0,0,1,0,1,0,0,0,0,0,0,0,0,0,0,0,0,0
ASV_3420,0,0,0,0,0,26,19,23,0,0,0,0,0,0,0,0,0,0,0,0,0,0,0
ASV_3424,0,0,0,0,0,16,14,9,0,0,0,0,0,0,0,0,0,0,0,0,0,0,0
ASV_3434,0,0,0,0,0,0,0,0,2,0,1,0,0,0,0,2,0,0,0,0,0,0,0
ASV_3456,10,9,3,10,13,0,0,0,0,0,0,0,0,0,0,0,0,0,0,0,0,0,0
ASV_3460,0,0,0,0,0,2,0,0,0,0,0,0,0,0,0,0,0,0,0,0,0,0,0
ASV_3461,0,2,0,0,0,0,350,0,261,160,137,99,336,0,0,0,0,0,0,0,0,0,0
ASV_3486,0,0,0,0,0,20,27,16,0,0,0,0,0,0,0,0,0,0,0,0,0,0,0
ASV_3492,0,0,0,0,0,1,0,0,0,0,0,0,0,0,0,0,0,0,0,0,0,0,0
ASV_3500,0,0,0,0,0,4,18,18,0,0,0,0,0,0,0,0,0,0,0,0,0,0,0
ASV_3505,0,0,0,0,0,0,0,0,585,727,501,246,525,0,0,0,0,1,1,0,0,0,0
ASV_3509,0,0,0,0,0,0,0,0,7,7,8,6,6,17,22,27,24,15,139,190,112,102,86
ASV_3515,0,0,0,0,0,0,0,0,27,28,15,26,6,0,0,0,0,0,0,0,0,0,0
ASV_3518,3,0,0,0,0,0,0,0,44,21,27,10,39,0,0,0,0,0,0,0,0,0,0
ASV_3522,0,0,0,0,0,0,10,10,1,0,0,0,0,0,0,0,0,0,0,0,0,0,0
ASV_3557,0,0,0,0,0,0,0,0,0,0,0,0,0,220,115,112,152,43,0,0,0,1,0
ASV_3578,0,0,0,0,0,0,0,0,0,0,0,0,0,0,0,1,0,0,0,0,0,0,0
ASV_3579,0,0,0,0,0,0,0,0,0,0,0,0,0,0,0,0,0,0,0,0,0,0,1
ASV_3581,1,0,0,0,0,0,0,0,0,0,0,0,0,0,0,0,0,0,0,0,0,0,0
ASV_3587,0,0,0,0,0,0,0,0,0,0,0,0,0,1,0,0,0,0,0,0,0,1,0
ASV_3588,0,0,0,0,3,3,8,5,2,4,0,1,0,1,0,0,0,0,0,0,0,0,0
ASV_3606,7,3,0,2,0,0,0,0,0,0,0,0,0,0,0,0,0,0,0,0,0,0,0
ASV_3610,0,0,0,0,0,0,0,0,0,0,0,1,0,0,0,0,0,0,0,0,0,0,0
ASV_3614,1,0,0,2,0,0,0,0,0,0,0,0,0,0,0,0,1,0,0,0,0,0,0
ASV_3615,0,0,0,0,0,0,0,0,0,0,0,0,0,0,0,1,0,0,0,0,0,0,0
ASV_3616,0,0,0,0,5,0,0,0,0,0,0,0,0,0,0,0,0,0,0,0,0,0,0
ASV_3618,0,0,0,0,0,0,0,0,0,0,0,0,2,0,0,0,0,0,0,0,0,0,0
ASV_3627,0,0,0,0,0,0,3,0,0,0,0,0,0,0,0,0,0,0,0,0,0,0,0
ASV_3631,8,17,54,26,7,0,0,0,0,0,0,0,0,0,0,0,0,0,0,0,0,0,0
ASV_3645,0,1,0,0,0,43,51,56,0,0,0,0,0,0,0,0,0,0,0,0,2,0,0
ASV_3648,0,3,0,0,0,0,0,0,0,0,0,0,0,0,0,0,0,0,0,0,0,0,0
ASV_3656,0,2,0,0,1,12,0,4,8,8,21,2,6,18,12,15,39,19,123,122,92,117,60
ASV_3658,0,0,0,0,0,0,0,0,0,0,0,0,0,1,0,0,0,0,0,0,0,0,0
ASV_3665,0,0,0,0,0,8,3,43,0,0,0,1,0,0,0,0,0,0,0,0,0,0,0
ASV_3670,0,0,4,7,0,0,0,0,0,0,0,0,0,0,0,0,0,0,0,0,0,0,0
ASV_3673,0,1,0,0,0,0,0,3,0,0,0,0,0,0,0,0,0,0,0,0,0,0,0
ASV_3675,15,4,5,1,30,5,0,1,0,0,0,0,0,4,19,12,19,9,0,0,0,0,0
ASV_3678,2,0,0,0,0,8,0,0,0,0,0,0,0,0,0,0,0,0,0,0,0,0,0
ASV_3679,0,0,0,0,0,0,0,0,0,0,0,0,0,0,1,0,0,0,0,0,0,0,0
ASV_3681,7,2,9,2,0,0,0,0,0,0,0,6,1,1,8,2,0,3,0,0,0,0,0
ASV_3687,2,2,0,3,4,0,0,0,22,3,10,5,13,1,5,0,1,0,0,0,0,0,0
ASV_3703,0,3,0,0,0,0,0,0,0,0,0,0,0,0,0,0,0,0,0,0,0,0,1
ASV_3705,105,29,0,2,0,0,0,0,0,0,0,0,9,0,0,0,0,0,0,0,0,0,0
ASV_3709,0,0,0,0,0,0,0,2,18,33,8,15,9,11,1,3,0,0,0,0,0,0,0
ASV_3713,0,0,0,0,0,16,20,121,0,0,0,0,0,0,0,0,0,0,0,0,0,0,0
ASV_3715,0,0,0,0,0,11,1,5,0,0,0,0,0,0,0,0,0,0,0,0,0,0,0
ASV_3721,66,3,4,12,32,0,0,0,0,0,0,0,0,0,0,0,0,0,0,0,0,0,0
ASV_3722,0,0,0,0,0,6,0,19,0,0,0,0,2,0,0,0,0,0,0,0,0,0,0
ASV_3725,0,0,0,0,0,0,0,0,0,3,1,0,0,0,5,0,0,0,0,0,0,0,0
ASV_3742,0,2,0,0,0,0,0,50,0,0,0,0,0,0,0,0,0,0,0,0,0,0,0
ASV_3745,0,0,0,0,0,1,0,0,0,0,0,0,0,0,0,0,0,0,0,0,0,0,0
ASV_3753,0,0,0,0,0,0,0,1,0,0,1,2,0,0,0,0,0,0,0,0,0,0,0
ASV_3756,0,0,0,0,0,0,0,0,0,0,0,0,0,0,0,0,1,0,0,0,0,0,0
ASV_3757,0,0,0,0,4,0,0,0,1,0,0,0,0,0,0,0,0,0,0,0,0,0,0
ASV_3767,130,9,15,6,39,0,0,0,0,0,0,0,0,0,0,0,0,0,0,0,0,0,0
ASV_3771,14,0,0,0,0,0,0,0,0,0,0,0,0,0,0,0,0,0,0,0,0,0,0
ASV_3775,0,0,0,0,0,0,0,9,0,0,0,0,0,20,0,0,0,0,0,0,0,0,3
ASV_3776,0,0,0,0,0,0,1,0,0,0,0,0,0,0,0,0,0,0,0,0,0,0,0
ASV_3779,0,0,0,0,0,0,0,4,0,0,0,0,0,0,0,0,0,0,0,0,0,0,0
ASV_3783,0,0,0,0,0,16,29,31,0,0,0,0,0,0,0,0,0,0,0,0,0,0,0
ASV_3784,0,0,0,0,0,1,0,0,0,0,0,0,0,0,0,0,0,0,0,0,0,0,0
ASV_3788,8,5,7,2,20,0,0,0,0,0,0,0,0,0,0,0,0,0,0,0,0,0,0
ASV_3799,0,0,0,0,0,0,0,0,0,0,1,0,3,0,2,2,0,0,0,0,0,0,0
ASV_3819,0,0,0,0,0,0,0,0,0,2,0,0,0,0,0,0,0,0,0,0,0,0,0
ASV_3826,0,15,0,0,0,0,0,0,0,0,0,0,0,0,0,0,0,0,0,0,0,0,0
ASV_3827,0,0,0,0,0,0,0,0,18,2391,682,14,61,0,0,0,0,0,0,0,0,0,0
ASV_3837,0,0,0,0,0,0,1,0,0,0,0,0,0,0,0,0,0,0,0,0,0,0,0
ASV_3840,181,67,52,90,48,0,0,0,0,0,0,0,0,0,0,0,1,0,0,0,0,0,0
ASV_3854,0,0,0,0,1,0,4,2,0,0,0,0,0,0,0,0,0,0,0,0,0,0,0
ASV_3859,0,0,0,0,0,0,0,0,17,29,36,16,25,0,0,0,0,0,0,0,0,0,0
ASV_3861,0,0,0,0,0,0,1,0,0,0,0,0,0,0,0,0,0,0,0,0,0,0,0
ASV_3873,0,0,0,0,0,0,2,0,4,8,2,6,7,0,0,0,0,0,0,0,0,0,0
ASV_3874,0,0,0,0,0,0,0,60,0,0,0,0,0,3,0,0,0,0,0,0,0,0,0
ASV_3878,0,0,0,0,1,12,0,20,0,0,0,0,0,0,0,0,0,0,0,0,0,0,0
ASV_3885,0,0,0,0,0,0,0,0,2,2,3,2,0,0,0,0,0,0,0,0,0,0,0
ASV_3888,0,0,0,0,0,0,4,3,0,0,0,0,0,0,0,0,0,0,0,0,0,0,0
ASV_3889,0,0,0,0,0,0,0,0,0,0,0,0,0,0,0,0,1,0,0,0,0,0,1
ASV_3891,0,0,0,0,0,0,1,0,0,0,0,0,0,0,1,0,0,0,0,0,0,0,0
ASV_3905,0,0,0,0,0,0,4,1,14,0,0,0,4,0,0,0,0,0,0,0,0,0,0
ASV_3932,0,0,0,0,1,2,3,3,0,0,0,0,0,0,0,0,0,0,0,0,0,0,0
ASV_3942,0,0,0,0,0,0,0,0,616,441,595,690,685,2,4,1,0,0,0,0,0,0,0
ASV_3943,0,2,0,1,0,2,0,0,5,5,11,6,1,12,13,13,21,12,152,116,110,106,441
ASV_3947,0,1,0,0,0,0,0,28,0,0,0,0,0,0,0,0,0,0,0,0,0,0,0
ASV_3958,0,0,0,0,0,0,1,0,133,125,106,92,118,0,0,0,0,0,0,0,0,0,0
ASV_3967,0,0,0,0,0,0,0,0,0,0,0,0,0,0,0,0,0,0,0,0,0,0,2
ASV_3970,0,0,0,0,0,0,0,0,0,1,1,0,0,0,0,0,0,0,0,0,0,0,0
ASV_3973,0,0,7,0,0,0,1,0,0,0,0,0,0,0,0,0,0,0,0,0,0,0,0
ASV_3975,0,0,1,0,0,0,0,0,0,0,0,0,0,0,0,0,0,0,0,0,0,0,0
ASV_3977,0,0,0,0,0,0,0,0,0,0,2,0,0,0,0,0,0,0,0,0,0,0,0
ASV_3979,0,0,0,0,0,0,0,0,0,2,0,0,0,0,0,0,0,0,0,0,0,0,0
ASV_3981,0,1,0,0,0,26,101,47,0,0,0,0,0,0,0,0,0,0,0,0,0,0,0
ASV_3986,1,0,4,3,0,0,1,1,2,6,3,4,3,17,23,15,63,7,92,98,110,94,120
ASV_3988,15,7,4,4,14,0,0,0,0,0,0,0,0,0,0,0,0,0,0,0,0,0,0
ASV_3994,12,0,3,2,0,0,0,0,0,0,1,0,0,0,0,0,0,0,0,0,0,0,0
ASV_4000,6,0,0,0,6,0,0,0,0,0,0,0,0,0,0,0,0,0,0,0,0,0,0
ASV_4003,0,1,0,0,0,0,0,0,0,0,0,0,0,0,0,0,0,0,0,0,0,0,0
ASV_4004,0,0,0,0,2,0,0,0,2,2,2,1,4,7,16,7,25,29,76,66,48,40,56
ASV_4011,1,1,0,0,0,0,0,0,0,0,0,0,0,0,0,0,0,0,0,0,0,0,0
ASV_4014,0,0,0,0,0,0,0,0,5,1,2,1,5,16,9,15,45,26,94,55,83,87,499
ASV_4020,0,0,0,0,0,0,0,0,0,0,0,0,0,0,1,0,2909,5,1,1,0,0,0
ASV_4028,0,0,0,0,1,0,0,0,0,0,0,0,0,0,0,0,0,0,0,0,0,0,0
ASV_4030,0,0,0,0,0,0,0,0,0,0,0,0,0,0,0,0,0,1,0,0,0,0,0
ASV_4034,0,0,0,0,0,0,0,0,0,0,0,0,0,0,6,6,9,0,0,0,0,0,0
ASV_4037,0,0,0,0,0,3,19,6,0,0,0,0,0,0,0,0,0,0,0,0,0,0,0
ASV_4046,0,0,0,0,0,0,0,0,8,3,2,0,1,0,1,0,0,1,0,0,0,0,0
ASV_4048,0,0,0,0,0,0,0,0,0,0,0,0,0,27,2872,2,7,1,0,0,0,1,0
ASV_4049,0,0,0,0,0,0,0,0,3,0,0,0,0,0,0,2,0,0,0,0,0,0,0
ASV_4050,0,0,0,0,0,8,20,19,0,0,0,0,0,0,0,0,0,0,0,0,0,0,0
ASV_4052,0,0,0,0,1,0,0,0,0,0,1,0,1,0,0,0,0,0,572,448,656,874,355
ASV_4058,0,0,0,0,0,1,0,1,697,358,563,402,874,0,1,0,1,0,0,0,0,0,0
ASV_4062,0,0,0,0,0,0,0,0,0,0,0,0,0,0,0,0,0,0,0,0,0,0,1
ASV_4068,19,15,15,21,14,0,0,0,0,0,0,0,0,19,5,3,4,0,0,0,0,0,0
ASV_4072,0,0,0,0,0,287,14,10,0,0,0,0,0,0,0,0,0,0,0,0,0,0,0
ASV_4076,0,0,0,0,0,0,0,1,0,0,0,0,0,0,0,0,0,0,0,0,0,0,0
ASV_4080,0,1,0,0,0,0,0,0,4,0,0,0,0,0,0,0,0,0,0,0,0,0,0
ASV_4098,0,0,0,0,0,1,1,2,0,0,2,0,0,3,1,5,3,13,21,14,2755,25,21
ASV_4109,0,0,0,0,0,0,0,0,0,0,0,0,0,0,0,0,0,0,0,0,0,0,3
ASV_4111,0,0,0,0,0,0,0,0,0,0,0,0,0,0,1,0,0,0,0,0,0,0,0
ASV_4118,0,0,0,0,0,8,0,0,0,0,0,0,0,0,0,0,0,0,0,0,0,0,0
ASV_4121,0,0,0,0,0,0,0,0,1,0,2,1,5,3,0,0,0,0,0,0,0,0,0
ASV_4122,0,0,0,0,0,4,0,3,4,6,12,26,3,22,18,28,41,24,138,56,75,76,99
ASV_4124,0,0,16,2,0,0,0,0,0,0,0,0,0,137,96,132,75,35,0,0,0,0,0
ASV_4128,0,0,0,0,0,0,3,0,0,0,0,0,0,0,0,0,0,0,0,0,0,0,0
ASV_4129,0,0,0,0,0,0,0,0,0,1,0,0,0,0,0,0,0,0,0,0,0,0,0
ASV_4133,0,0,0,3,3,0,0,0,0,0,0,0,0,0,0,0,0,0,0,0,0,0,0
ASV_4134,0,6,0,0,0,0,0,0,0,0,0,0,0,0,0,0,0,0,0,0,0,0,0
ASV_4138,0,0,0,0,0,0,0,0,0,1,1521,1296,3,0,0,0,0,0,0,0,0,0,0
ASV_4139,0,0,0,0,0,1,0,1,5,3,4,2,1,20,12,12,8,12,1259,97,104,68,98
ASV_4152,0,0,0,0,0,0,0,0,732,503,521,437,621,1,0,0,0,0,0,0,0,0,0
ASV_4158,3,0,0,0,0,3,10,12,0,0,0,0,0,0,0,0,0,0,0,0,0,0,0
ASV_4161,0,0,0,0,0,0,0,0,0,0,9,0,0,0,0,0,0,0,0,0,0,0,0
ASV_4189,0,0,0,0,0,0,0,0,4,2,2,2,0,5,13,6,17,6,47,41,37,48,65
ASV_4192,0,0,0,0,0,0,0,0,0,0,0,0,0,0,0,0,0,0,0,0,0,0,2
ASV_4195,0,0,0,0,0,0,0,19,0,0,0,0,0,0,0,0,0,0,0,0,0,0,0
ASV_4201,0,0,0,0,0,0,0,0,0,0,0,0,0,0,0,0,0,0,0,0,0,0,1
ASV_4222,0,0,0,0,0,0,0,1,0,0,0,0,0,0,0,0,0,0,0,0,0,0,0
ASV_4223,0,0,0,0,0,7,9,2,0,0,0,0,0,0,0,0,0,0,0,0,0,0,0
ASV_4227,0,0,0,0,0,0,0,0,0,0,0,0,0,0,0,0,0,0,0,0,0,0,1
ASV_4232,0,0,0,0,0,2,16,6,0,0,0,0,0,0,0,0,0,0,0,0,0,0,0
ASV_4242,0,0,0,0,0,0,0,0,0,0,0,0,0,35,50,57,26,16,0,0,0,0,0
ASV_4255,0,0,0,0,0,0,0,0,0,0,0,0,0,1,0,0,0,0,0,0,0,0,0
ASV_4256,0,0,0,0,0,0,0,0,0,0,5,0,3,0,0,0,0,0,0,0,0,0,0
ASV_4280,1,0,0,0,0,0,0,0,90,52,45,37,101,0,0,0,0,0,0,0,0,0,0
ASV_4290,0,0,0,0,0,0,0,0,1,3,13,14,11,0,0,0,0,0,0,0,0,0,0
ASV_4291,0,0,0,0,0,171,0,0,0,0,0,0,0,11,0,0,0,0,0,0,0,0,0
ASV_4294,0,0,0,0,0,0,0,0,0,0,2,0,2,3,0,2,5,1,15,12,23,184,23
ASV_4300,0,0,0,0,10,0,0,0,60,25,29,17,47,0,0,0,0,0,0,0,0,0,0
ASV_4302,351,61,57,69,119,0,0,0,0,0,0,0,0,0,0,0,0,0,0,0,0,0,0
ASV_4304,0,3,0,2,0,518,66,0,0,0,0,0,0,0,0,0,0,0,0,0,0,0,0
ASV_4309,0,0,0,0,0,0,0,0,0,0,0,0,0,8,0,0,1,1,0,0,0,0,0
ASV_4313,0,0,0,0,0,0,0,0,0,0,0,0,2,9,3,4,0,4,0,0,0,0,0
ASV_4322,0,3,0,0,0,0,0,0,0,0,0,0,0,0,0,0,0,0,0,0,0,0,0
ASV_4327,0,0,0,0,0,6,3,1,6,1,1,1,1,0,0,0,0,0,0,0,0,0,0
ASV_4329,0,0,0,0,0,0,0,0,0,0,0,0,0,0,0,0,0,0,0,0,0,1,0
ASV_4335,0,0,0,0,0,0,0,0,0,0,0,0,0,4,0,0,0,1,0,0,0,0,0
ASV_4342,0,0,0,0,0,0,0,0,6,2,0,0,1,0,0,0,0,0,0,0,0,0,0
ASV_4345,0,0,0,0,0,0,0,0,0,0,2,0,0,0,0,0,0,0,0,0,0,0,0
ASV_4349,0,0,0,0,0,0,0,1,0,0,0,0,0,0,0,0,0,0,0,0,0,0,0
ASV_4353,3,5,0,0,1,0,0,0,2,0,0,2,0,2,2,3,5,1,0,0,0,0,0
ASV_4375,0,2,0,0,1,3,1,0,12,3,10,8,7,25,27,20,38,31,1857,114,120,137,102
ASV_4377,1,13,0,3,0,534,579,899,0,0,0,0,0,0,0,0,0,0,0,0,0,0,0
ASV_4381,2,2,0,2,1,30,36,10,0,0,0,0,0,0,0,0,0,0,0,0,0,0,0
ASV_4389,0,0,0,0,0,0,0,4,0,0,0,0,0,0,0,0,0,0,0,0,0,0,0
ASV_4402,0,0,0,0,1,0,0,0,14,3,8,6,4,18,12,50,21,34,107,121,76,71,115
ASV_4407,0,0,0,0,0,0,0,0,3,0,4,0,3,0,0,0,0,0,0,0,0,0,0
ASV_4420,0,0,0,0,0,0,0,0,4,2,3,2,0,0,0,0,0,0,0,0,0,0,0
ASV_4422,0,0,0,0,0,0,4,0,0,0,0,0,0,0,0,0,0,0,0,0,0,0,0
ASV_4426,0,0,0,0,0,0,18,4,5,9,0,0,2,0,0,0,0,0,0,0,0,0,0
ASV_4431,0,0,0,0,0,0,1,0,0,0,0,0,0,0,0,0,0,0,0,0,1,0,0
ASV_4443,296,55,52,70,134,0,0,0,0,0,0,0,0,0,0,0,0,0,0,0,0,0,0
ASV_4447,0,0,0,0,0,0,0,0,0,2,1,1,4,4,13,19,8,18,49,33,1547,31,46
ASV_4450,2,0,0,0,0,0,0,0,0,0,0,0,0,0,0,0,0,0,0,0,0,0,0
ASV_4461,0,0,0,0,1,1,2,0,4,11,1,6,9,13,18,24,22,9,81,96,97,95,106
ASV_4469,0,0,0,2,0,43,34,111,0,0,0,0,0,0,0,0,0,0,0,0,0,0,0
ASV_4496,0,0,0,0,0,0,0,0,0,0,0,0,0,0,0,0,0,1,0,0,0,0,0
ASV_4509,0,0,0,0,0,0,1,0,1,0,0,0,0,0,0,0,0,0,0,0,0,0,0
ASV_4510,453,146,205,272,495,1,0,0,0,0,0,0,0,0,0,0,0,0,0,0,0,0,0
ASV_4518,0,0,0,0,0,5,0,13,0,0,0,0,0,0,0,0,0,0,0,0,0,0,0
ASV_4520,0,1,3,0,0,0,0,7,3,3,5,4,6,15,12,6,21,16,110,63,90,268,114
ASV_4524,0,0,0,0,14,0,0,0,0,0,0,0,0,0,0,0,0,0,0,0,0,0,0
ASV_4527,0,0,0,0,0,0,0,0,0,0,0,0,0,0,0,0,1,0,0,0,0,0,0
ASV_4530,0,0,0,0,0,0,0,0,0,0,0,0,0,2,1,0,0,1,0,0,0,0,0
ASV_4541,2,0,9,6,25,0,0,0,0,0,0,0,0,0,0,0,0,0,0,0,0,0,0
ASV_4546,0,0,0,0,0,1,0,1,2,6,4,3,3,26,18,22,33,22,71,106,110,82,109
ASV_4547,0,0,0,0,0,0,0,0,1,0,0,0,0,28,18,22,31,18,0,0,0,0,0
ASV_4551,0,8,0,0,0,0,0,0,0,0,0,0,0,0,0,0,0,0,0,0,0,0,0
ASV_4559,0,0,0,0,0,0,0,0,0,0,0,0,0,1,0,3,0,0,0,0,0,0,0
ASV_4563,0,0,0,0,0,0,2,0,0,0,0,0,0,0,0,0,0,0,0,0,0,0,0
ASV_4579,12,2,0,0,0,0,0,0,0,0,0,0,0,0,0,0,0,0,0,0,0,0,0
ASV_4581,0,2,0,0,0,0,0,0,5,3,3,16,2,27,22,24,14,23,35,0,18,56,18
ASV_4596,0,0,0,0,0,0,0,0,9,7,2,1,9,0,0,0,0,0,0,0,0,0,0
ASV_4597,0,0,0,0,0,0,0,10,0,0,0,0,0,0,0,0,0,0,0,0,0,0,0
ASV_4613,0,0,0,0,0,0,0,80,0,0,0,0,0,0,0,0,0,0,0,0,0,0,0
ASV_4614,11,0,0,2,6,0,0,0,0,0,0,0,0,0,0,0,0,0,0,0,0,0,0
ASV_4624,0,0,0,0,0,0,0,0,0,0,0,0,0,8,0,0,0,0,0,0,0,0,0
ASV_4655,0,0,0,6,0,0,0,0,2,11,20,4,11,0,0,0,0,0,0,0,0,0,0
ASV_4660,0,0,0,0,0,15,33,23,0,0,0,0,0,0,0,0,0,0,0,0,0,0,0
ASV_4661,0,0,0,0,0,0,0,0,0,0,0,0,0,0,0,0,0,0,0,1,0,0,0
ASV_4667,0,2,0,0,1,0,1,0,6,5,3,1,9,16,23,7,31,18,88,55,107,61,147
ASV_4670,0,0,4,0,0,0,0,0,0,0,0,0,0,0,7,0,0,6,0,0,0,0,0
ASV_4671,0,1,0,0,0,0,0,6,0,0,0,0,0,0,0,0,0,0,0,0,0,0,0
ASV_4676,0,0,0,0,0,0,9,4,0,0,0,0,0,0,0,0,0,0,0,0,0,0,0
ASV_4677,0,0,0,0,0,0,0,0,0,0,5,0,1,0,0,0,0,0,0,0,0,0,0
ASV_4680,0,0,0,0,0,0,0,0,2,0,0,0,1,0,0,0,0,0,0,0,0,0,0
ASV_4691,0,0,0,0,0,15,2,11,0,0,0,1,0,0,0,0,0,0,0,0,0,0,0
ASV_4692,26,61,27,5,24,0,0,0,19,42,7,19,28,0,7,1,1,1,0,0,0,0,0
ASV_4695,0,0,0,0,0,0,0,0,0,0,0,0,0,0,0,0,0,0,1,0,0,0,0
ASV_4696,0,0,0,0,0,0,0,0,0,1,0,0,0,0,0,0,0,0,0,0,0,0,0
ASV_4699,0,0,0,0,1,0,0,0,0,0,0,0,0,0,0,0,0,0,0,0,0,0,0
ASV_4706,16,5,7,10,21,1,1,4,21,5,26,9,26,15,15,2,10,6,0,0,0,0,0
ASV_4709,0,0,0,0,0,0,0,0,0,0,0,0,0,1,0,0,0,0,0,0,0,0,0
ASV_4719,0,0,0,0,0,0,8,0,0,0,0,0,0,0,0,0,0,0,0,0,0,0,0
ASV_4730,0,0,0,0,0,0,0,0,1,0,0,0,0,0,0,0,0,0,0,0,0,0,0
ASV_4732,0,0,0,0,0,14,12,14,0,0,0,0,0,0,0,0,0,0,0,0,0,0,0
ASV_4736,0,0,0,0,0,0,5,0,0,0,0,0,0,0,0,0,0,0,0,0,0,0,0
ASV_4741,0,0,0,0,0,0,0,0,2,2,1,0,2,0,0,0,0,0,0,0,0,0,0
ASV_4744,2,3,0,0,3,0,0,0,0,0,0,0,0,0,0,0,0,0,0,0,0,0,0
ASV_4748,0,0,0,0,0,0,0,2,0,0,0,0,0,0,0,0,0,0,0,0,0,0,0
ASV_4764,0,0,0,0,0,0,0,1,0,0,0,0,0,0,0,0,0,0,0,0,0,0,0
ASV_4766,0,0,0,0,0,0,0,0,0,0,0,0,0,0,0,0,1,0,0,0,0,0,0
ASV_4781,47,126,114,120,456,0,0,0,0,0,0,0,0,0,0,0,0,0,0,0,0,0,0
ASV_4798,15,0,0,0,15,0,0,0,0,0,0,0,0,0,0,0,0,0,0,0,0,0,0
ASV_4831,0,0,0,0,0,0,0,1,0,0,0,0,0,0,0,0,0,0,0,0,0,0,0
ASV_4836,0,0,0,0,0,0,47,0,0,0,0,0,0,0,0,0,0,0,0,0,0,0,0
ASV_4839,0,0,0,0,0,19,1,0,0,0,0,0,0,0,0,0,0,0,0,0,0,0,0
ASV_4840,635,63,122,124,275,0,0,0,0,0,0,0,0,0,0,0,0,0,0,0,0,0,1
ASV_4849,0,0,0,0,0,2,0,0,3,1,3,4,2,5,15,23,20,10,121,73,105,76,73
ASV_4853,0,0,0,0,0,0,0,0,1,0,5,0,0,0,0,0,0,0,0,0,0,0,0
ASV_4855,0,0,0,0,0,0,0,0,489,385,424,369,425,0,0,0,0,2,0,0,0,0,0
ASV_4856,0,9,0,0,0,250,375,738,0,0,0,0,0,0,0,0,0,0,0,0,0,0,0
ASV_4859,0,0,0,0,0,0,2,0,1,0,2,0,1,0,0,0,0,0,0,0,0,0,0
ASV_4861,3,0,0,0,0,0,0,0,0,0,0,0,0,0,0,0,0,0,0,0,0,0,0
ASV_4863,0,0,0,0,0,0,0,0,0,0,0,0,0,0,0,0,0,0,0,0,0,1,0
ASV_4865,0,0,0,0,4,0,0,0,0,0,0,0,0,0,0,0,0,0,0,0,0,0,0
ASV_4881,0,0,0,1,0,0,0,0,0,0,3,0,0,0,0,0,0,0,0,0,0,0,0
ASV_4892,0,0,0,0,0,0,0,0,0,0,0,0,0,0,0,1,0,0,0,0,0,0,0
ASV_4899,0,0,0,0,0,0,3,2,0,0,0,0,0,0,0,0,0,0,0,0,0,0,0
ASV_4902,0,0,0,0,0,0,0,0,0,2171,0,0,0,0,0,0,0,0,0,0,0,0,0
ASV_4913,0,0,0,0,1,18,11,13,0,0,0,0,0,0,0,0,0,0,0,0,0,0,0
ASV_4915,33,4,20,13,12,0,0,0,0,0,0,0,0,0,2,0,0,0,0,0,0,0,0
ASV_4916,177,63,81,97,191,14,8,0,6,0,1,7,4,3,0,0,2,0,1,0,0,0,0
ASV_4922,1,0,0,0,0,0,0,0,0,0,0,0,0,0,0,0,0,0,0,0,0,0,0
ASV_4923,469,176,285,127,345,0,0,0,0,0,0,0,0,0,0,0,0,0,0,0,0,0,0
ASV_4930,0,0,0,0,0,2,0,1,2,3,2,6,0,17,24,16,30,19,92,76,104,62,83
ASV_4933,0,0,0,3,0,57,53,41,0,0,0,0,0,0,0,0,0,0,0,0,0,0,0
ASV_4941,0,2,0,0,0,1,4,26,27,31,33,30,46,0,0,0,0,2,0,0,0,0,0
ASV_4943,0,0,0,0,0,0,0,0,14,19,14,9,10,1,0,2,0,0,0,0,0,0,0
ASV_4965,0,0,0,0,0,0,0,0,0,0,0,3,0,5,13,6,3,0,0,0,0,0,0
ASV_4967,92,23,30,26,89,0,0,0,0,0,0,0,0,0,0,0,0,0,0,0,0,0,0
ASV_4972,0,0,0,0,0,0,0,7,0,0,0,0,0,0,0,0,0,0,0,0,0,0,0
ASV_4979,0,0,0,0,0,0,0,0,0,0,0,0,0,0,4,0,0,0,0,0,0,0,0
ASV_4985,0,1,0,0,0,0,0,36,0,0,0,0,0,0,0,0,0,0,0,0,0,0,0
ASV_4986,0,0,0,0,0,0,0,0,6,6,4,7,6,0,0,0,0,0,0,0,0,0,0
ASV_4987,0,0,0,0,0,0,0,0,1,0,2,1,2,0,0,0,0,0,0,0,0,0,0
ASV_4990,0,1,0,0,1,0,0,0,0,0,0,0,0,11,1,1,5,2,0,0,0,0,0
ASV_5020,0,2,0,0,0,0,0,105,0,0,0,0,0,0,0,0,0,0,0,0,0,0,0
ASV_5021,0,0,0,0,0,0,0,0,6,0,2,1,2,0,0,0,0,0,0,0,0,0,0
ASV_5023,0,0,0,0,0,0,0,0,517,188,10,0,1378,0,0,0,0,1,0,0,0,0,0
ASV_5037,0,8,1,0,0,191,162,630,0,0,0,0,0,0,0,0,0,0,0,0,0,0,0
ASV_5055,17,0,4,0,2,0,0,0,0,0,0,0,0,0,0,0,0,0,0,0,0,0,0
ASV_5064,0,0,0,0,0,3,0,0,0,0,0,0,0,0,0,2,0,0,0,0,0,0,0
ASV_5070,0,0,0,0,0,0,0,2,5,1,2,4,1,5,14,2,15,8,108,354,157,54,100
ASV_5081,0,0,0,0,0,1,0,0,0,0,0,0,0,0,0,0,0,0,0,0,0,0,0
ASV_5092,0,1,0,0,1,239,70,115,0,0,0,0,0,0,0,0,0,0,0,0,0,0,0
ASV_5094,0,0,0,0,2,0,0,2,0,0,0,0,0,0,0,0,0,0,0,0,0,0,0
ASV_5105,0,0,0,0,0,0,0,0,0,0,0,0,0,0,0,1,0,0,0,0,0,0,0
ASV_5106,0,0,0,0,0,0,0,0,1,0,0,0,0,0,0,0,0,0,0,0,0,0,0
ASV_5107,0,0,0,0,0,1,0,5,0,0,0,0,0,0,0,0,0,0,0,0,0,0,0
ASV_5110,0,0,0,0,0,2,0,3,12,2,4,5,3,10,20,9,27,12,67,65,93,67,268
ASV_5116,0,0,0,0,0,0,0,0,0,0,0,0,0,7,0,0,0,0,0,0,0,0,0
ASV_5119,0,0,0,0,1,0,0,0,6,4,3,3,3,14,4,15,27,13,65,50,76,239,51
ASV_5124,0,0,0,0,0,0,0,0,0,0,0,0,0,0,0,0,0,0,0,0,1,0,0
ASV_5140,1,0,0,0,0,0,0,0,0,0,0,0,0,0,1,0,0,0,0,0,0,0,1
ASV_5141,0,0,0,0,0,0,0,3,0,0,0,0,0,0,0,0,0,0,0,0,0,0,0
ASV_5162,0,0,0,25,65,0,0,0,0,0,0,0,0,0,0,0,0,0,0,0,0,0,0
ASV_5163,0,0,0,0,0,2,0,3,0,0,0,0,0,0,0,0,0,0,0,0,0,0,0
ASV_5186,0,0,3,0,0,0,0,0,0,0,0,0,0,0,0,0,0,0,0,0,0,0,0
ASV_5196,0,0,0,0,0,0,0,0,0,0,0,0,0,0,0,0,0,0,0,0,1,0,0
ASV_5202,0,0,0,0,0,0,0,0,0,1972,2,1,8,0,0,0,0,1,0,0,0,0,0
ASV_5206,0,0,0,0,0,8,0,0,0,0,0,0,0,0,0,0,0,0,0,0,0,0,0
ASV_5220,2,2,0,0,42,0,0,0,0,0,0,0,0,0,0,0,0,0,0,0,0,0,0
ASV_5221,11,3,3,5,10,0,0,0,0,0,0,0,0,0,3,1,0,0,0,0,0,0,0
ASV_5233,0,0,0,0,1,0,0,0,9,4,1,0,4,6,10,14,24,7,90,90,87,61,75
ASV_5252,0,0,0,0,0,0,0,0,0,0,0,0,0,0,0,0,0,1,371,410,404,433,340
ASV_5268,0,0,0,0,0,16,14,10,0,0,0,0,0,0,0,0,0,0,0,0,0,0,0
ASV_5286,0,0,0,0,0,3,52,0,2,0,0,0,0,0,0,0,0,0,0,0,0,0,0
ASV_5287,0,0,0,0,0,0,0,0,0,0,0,0,0,4,0,2,0,0,0,0,0,0,0
ASV_5297,0,0,0,0,0,0,0,0,5,2,3,0,3,0,0,0,0,0,0,0,0,0,0
ASV_5306,0,0,0,0,0,10,18,3,0,0,0,0,0,0,0,0,0,0,0,0,0,0,0
ASV_5319,0,0,0,0,0,0,0,3,0,0,0,0,0,0,0,0,0,0,0,0,0,0,0
ASV_5326,0,0,0,0,0,6,0,0,0,0,0,0,0,0,0,0,0,0,0,0,0,0,0
ASV_5330,4,0,0,0,0,0,2,1,9,4,9,7,4,20,10,27,16,28,92,139,154,83,62
ASV_5334,0,0,0,0,0,0,0,0,2,0,0,0,0,0,0,0,0,0,0,0,0,0,0
ASV_5345,0,0,0,0,5,2,2,1,0,0,0,3,5,6,0,5,0,4,0,0,0,0,0
ASV_5362,0,0,0,0,0,0,0,0,0,0,0,0,1,0,0,0,0,0,0,0,0,0,0
ASV_5363,0,0,0,0,0,0,0,0,0,0,0,0,0,0,1,0,0,0,0,0,0,0,0
ASV_5369,0,0,0,0,0,0,0,0,0,0,0,0,0,0,0,0,3,0,0,0,0,0,0
ASV_5372,0,0,0,0,0,1,0,4,0,0,0,0,0,0,0,0,0,0,0,0,0,0,0
ASV_5374,0,1,0,0,0,0,0,0,0,0,0,0,0,0,0,0,0,0,0,0,0,0,0
ASV_5375,0,0,9,0,0,0,0,0,9,6,8,3,13,0,0,0,0,7,0,0,0,0,0
ASV_5384,0,4,0,2,0,34,57,66,0,0,0,0,0,0,0,0,0,0,0,0,0,0,0
ASV_5387,0,2,0,0,0,0,1,0,0,2,0,0,0,0,0,0,0,0,0,0,0,0,0
ASV_5389,7,2,4,6,5,0,3,0,14,4,12,8,5,4,1,2,6,5,0,0,0,0,0
ASV_5404,0,0,0,0,0,0,0,1,0,0,0,0,0,0,0,0,0,0,0,0,0,0,0
ASV_5417,0,0,0,0,0,0,0,0,1,2,5,0,2,0,0,0,0,0,0,0,0,0,0
ASV_5426,0,0,0,0,0,0,0,0,0,0,0,0,0,0,0,0,0,0,0,0,0,1,0
ASV_5437,0,0,0,0,0,10,16,2,0,0,0,0,0,0,0,0,1,0,0,0,0,0,0
ASV_5446,0,0,0,0,1,0,0,0,0,0,1,0,0,0,0,0,0,0,1,0,0,0,0
ASV_5455,0,1,0,0,0,0,0,0,0,0,0,0,0,0,0,0,0,0,0,0,0,0,0
ASV_5469,0,1,0,0,0,0,0,0,0,0,0,0,0,0,0,0,0,0,0,0,0,0,0
ASV_5470,0,0,0,0,0,2,3,1,0,0,0,0,0,0,1,1,0,0,0,1,3,0,0
ASV_5476,0,0,0,0,0,0,2,0,0,0,0,0,0,0,0,0,0,0,0,0,0,0,0
ASV_5477,0,0,0,0,0,0,0,0,0,0,0,0,2,0,0,0,0,0,0,0,0,0,0
ASV_5485,5,0,0,0,0,0,0,0,0,0,0,0,0,0,0,0,0,0,0,0,0,0,0
ASV_5508,0,0,0,0,0,0,0,0,0,0,1,0,0,0,0,0,0,0,0,0,0,0,0
ASV_5509,25,6,5,7,20,0,0,0,3,6,0,3,4,8,3,0,12,0,0,0,0,0,0
ASV_5510,0,0,0,0,0,1,0,8,0,0,0,0,0,0,0,0,0,0,0,0,0,0,0
ASV_5518,0,0,0,0,0,0,0,0,0,0,0,1,0,0,0,0,0,0,0,0,0,0,0
ASV_5523,0,0,0,0,0,0,0,0,0,0,0,0,0,0,1,0,0,0,0,0,0,0,0
ASV_5538,0,0,0,0,0,0,0,0,3,2,2,0,8,0,0,0,0,0,0,0,0,0,0
ASV_5548,0,0,0,7,0,0,0,0,0,0,0,0,0,0,0,0,0,0,0,0,0,0,0
ASV_5551,0,0,0,0,0,0,29,0,0,22,15,0,5,0,0,0,0,0,0,0,0,0,0
ASV_5552,0,0,0,0,1,0,0,0,0,0,0,0,0,0,1,0,0,0,0,0,0,0,0
ASV_5566,0,0,0,0,0,0,0,11,0,0,0,0,0,0,0,0,0,0,0,0,0,0,0
ASV_5570,0,0,0,0,0,3,0,0,465,232,388,207,491,0,0,0,0,0,0,1,0,0,0
ASV_5590,0,0,0,0,0,0,0,0,0,0,0,0,0,82,0,1568,3,2,0,0,0,0,0
ASV_5597,0,0,0,0,0,0,137,0,0,0,0,0,0,0,0,0,0,0,0,0,0,0,0
ASV_5603,0,0,0,0,0,0,0,0,0,0,1,0,0,0,0,0,0,0,0,0,0,0,0
ASV_5612,0,0,0,0,0,18,6,7,0,0,0,0,0,0,0,0,0,0,0,0,0,0,0
ASV_5615,0,0,0,0,0,0,0,0,3,2,5,1,1,0,0,0,0,0,0,0,0,0,0
ASV_5628,0,0,0,0,0,9,10,27,0,0,0,0,0,0,3,0,0,0,0,0,0,0,0
ASV_5639,6,6,20,4,10,1,0,0,0,0,2,1,0,0,0,0,0,0,0,0,0,0,0
ASV_5644,0,0,0,0,1,0,0,0,1,0,5,3,2,12,11,17,29,23,66,118,73,85,68
ASV_5647,0,0,0,0,0,15,11,41,0,0,0,0,0,0,7,0,0,0,0,0,0,0,0
ASV_5650,0,0,0,0,0,6,0,0,0,0,0,0,0,0,0,0,0,0,0,0,0,0,0
ASV_5657,0,0,0,0,0,8,6,13,0,0,0,0,0,0,0,0,0,0,0,0,0,0,0
ASV_5663,1,0,0,0,0,0,0,0,0,0,0,0,0,0,0,0,0,0,0,0,0,0,0
ASV_5668,47,27,53,45,117,0,0,0,0,0,0,0,0,0,0,0,0,0,0,0,0,0,0
ASV_5675,0,0,0,0,0,29,22,26,0,0,0,0,0,0,0,0,0,0,0,0,0,0,0
ASV_5684,0,0,0,0,0,0,0,0,0,0,3,0,0,0,0,0,0,0,0,0,0,0,0
ASV_5699,0,0,0,0,0,0,1,0,0,0,0,0,0,0,0,0,0,0,0,0,0,0,0
ASV_5708,0,0,2,0,0,0,0,0,0,0,0,0,0,0,0,0,0,0,0,0,0,0,0
ASV_5713,1,0,0,0,0,0,0,0,0,0,0,0,0,0,0,0,0,0,0,0,0,0,0
ASV_5717,0,0,0,0,0,3,0,9,0,0,0,0,0,0,0,0,0,0,0,0,0,0,0
ASV_5735,0,0,0,0,0,0,0,0,1,0,0,0,0,0,0,0,0,0,0,0,0,0,0
ASV_5742,0,0,0,0,0,0,0,0,0,0,0,0,0,1,0,0,0,0,0,0,0,0,0
ASV_5746,0,0,0,6,0,0,0,0,0,0,0,0,0,0,0,0,0,0,0,0,0,0,0
ASV_5749,0,1,0,0,0,0,4,0,3,2,1,5,3,14,12,16,20,19,51,53,73,76,53
ASV_5756,0,0,0,0,0,0,0,0,0,0,0,0,0,1,0,0,0,0,0,0,0,0,0
ASV_5765,0,1,0,0,0,7,37,100,0,0,0,0,0,0,0,0,0,0,0,0,0,0,0
ASV_5774,0,0,0,0,0,4,0,2,0,0,0,0,0,0,0,0,0,0,0,0,0,0,0
ASV_5777,0,0,0,0,0,0,0,0,23,26,26,22,61,0,0,0,0,0,0,0,0,0,0
ASV_5780,0,0,0,0,0,0,0,0,0,0,0,0,1,0,0,0,0,0,0,0,0,0,0
ASV_5781,0,0,0,0,0,0,0,0,1,0,0,0,0,0,0,0,0,0,0,0,0,0,0
ASV_5789,0,0,0,0,0,0,0,0,0,8,0,0,4,0,0,0,0,0,0,0,0,0,0
ASV_5798,0,0,0,0,0,0,0,0,154,107,110,76,134,0,0,0,0,0,0,0,0,0,0
ASV_5800,0,0,0,0,0,1,7,24,99,56,88,48,93,0,1,0,3,2,0,0,0,0,0
ASV_5805,0,0,0,0,0,0,0,0,0,0,0,0,0,0,0,0,0,0,2,0,0,0,0
ASV_5810,0,0,0,0,0,18,29,30,0,0,0,0,0,0,0,0,0,0,0,0,0,0,0
ASV_5813,0,0,0,0,0,0,38,11,0,0,0,0,0,0,0,0,0,0,0,0,0,0,0
ASV_5826,3,0,0,0,9,0,0,0,0,0,0,0,2,0,0,0,0,0,0,0,0,0,0
ASV_5835,0,0,0,0,0,0,2,0,0,0,0,0,0,0,0,0,0,0,0,0,0,0,0
ASV_5854,0,0,0,0,1,0,0,0,0,0,0,0,0,0,0,0,0,0,0,0,0,0,0
ASV_5868,0,3,0,0,0,0,0,0,2,0,0,2,0,0,0,0,0,0,0,0,0,0,0
ASV_5875,0,0,0,0,4,1,2,7,0,0,0,0,0,0,0,3,0,0,0,0,0,0,0
ASV_5889,33,9,5,1,34,0,0,0,0,0,0,0,0,17,18,12,14,13,0,0,0,0,0
ASV_5893,9,13,3,17,3,0,0,0,0,0,0,0,0,2,0,0,2,0,0,0,0,0,0
ASV_5895,0,0,0,0,0,20,13,5,0,0,0,0,0,0,0,0,0,0,0,0,0,0,0
ASV_5900,2,6,9,11,6,0,4,0,8,11,12,5,5,0,0,0,0,0,0,0,0,0,0
ASV_5904,0,0,0,0,0,0,0,0,0,0,0,0,0,0,0,0,0,0,0,0,0,0,1
ASV_5906,0,9,0,0,1,0,0,1636,0,0,0,0,0,1,0,0,0,0,0,0,0,0,1
ASV_5910,0,0,0,0,0,0,0,0,0,1,0,0,0,0,0,0,0,0,0,0,0,0,0
ASV_5921,0,0,0,0,1,0,0,0,0,0,0,0,0,0,0,0,0,0,0,0,0,0,0
ASV_5928,0,0,0,0,0,0,0,0,0,0,0,0,0,3,1,1,0,0,0,0,0,0,0
ASV_5936,0,0,0,0,0,0,0,0,0,0,0,0,0,379,349,158,245,304,0,0,0,0,0
ASV_5944,0,0,0,0,0,0,10,9,0,0,0,0,0,0,10,0,0,9,0,0,0,0,0
ASV_5949,0,1,0,0,0,4,20,12,5,6,3,2,1,0,0,0,0,0,0,0,0,0,0
ASV_5957,19,1,0,0,0,0,0,0,0,1,0,0,0,0,0,0,0,0,0,0,0,0,0
ASV_5963,0,0,0,0,0,0,0,3,0,0,0,3,0,3,1,1,3,1,0,0,0,0,0
ASV_5978,0,0,0,0,0,10,12,11,0,0,0,0,0,0,0,0,0,0,0,0,0,0,0
ASV_5980,0,7,0,1,0,0,0,541,0,0,0,0,0,0,0,0,0,0,0,0,0,0,0
ASV_5984,0,0,0,0,0,0,0,0,36,40,27,20,20,5,0,0,0,0,0,0,0,0,0
ASV_5985,0,0,0,0,0,0,0,1,0,0,0,0,0,0,0,0,0,0,0,0,0,0,0
ASV_5998,0,0,0,0,0,0,104,0,1,0,0,0,0,0,0,0,0,0,0,0,0,0,0
ASV_6011,2,4,0,0,1,0,0,0,0,0,0,0,0,0,0,0,0,0,0,0,0,0,0
ASV_6017,0,0,0,0,0,0,0,0,0,0,0,0,0,0,1,1,0,0,12,20,62,1479,19
ASV_6018,0,0,0,0,0,9,0,1,0,0,0,0,0,0,0,0,0,0,0,0,0,0,0
ASV_6020,0,0,0,0,0,0,0,0,0,0,0,0,0,0,0,0,0,0,0,0,0,0,1
ASV_6066,0,0,0,0,0,1,0,0,0,0,0,0,0,0,0,0,0,0,0,0,0,0,0
ASV_6072,0,0,0,0,0,0,0,0,1,0,0,0,0,0,0,0,0,0,0,0,0,0,0
ASV_6084,0,0,0,0,0,0,0,0,0,0,0,0,0,0,0,0,0,0,0,0,0,0,1
ASV_6088,0,0,0,0,0,0,0,0,2,0,1,6,2,5,2,17,9,13,73,97,44,56,58
ASV_6089,0,0,0,0,0,0,0,1,0,0,0,0,0,0,0,0,0,0,0,0,0,0,0
ASV_6092,0,0,0,0,0,15,13,15,0,0,0,0,0,0,0,0,0,0,0,0,0,0,0
ASV_6095,0,0,5,0,0,2,0,0,5,6,2,1,4,8,14,11,17,8,54,68,118,26,47
ASV_6113,0,0,0,0,0,0,0,0,3,0,0,0,0,0,0,0,0,0,0,0,0,0,0
ASV_6116,0,13,0,0,1,459,0,381,0,0,0,0,0,0,0,0,0,0,0,0,0,0,0
ASV_6118,0,0,0,0,0,6,1,4,0,0,0,0,0,0,0,0,0,0,0,0,0,0,0
ASV_6123,7,0,2,3,4,0,3,1,7,4,0,3,5,4,1,4,3,1,0,0,0,0,0
ASV_6128,0,1,0,0,0,0,0,0,0,0,0,0,0,0,0,0,0,0,0,0,0,0,0
ASV_6131,0,0,0,0,0,0,0,0,1,0,0,3,0,0,0,0,0,0,0,0,0,0,0
ASV_6138,0,0,0,0,0,0,0,0,0,0,0,5,2,0,0,0,0,0,0,0,0,0,0
ASV_6171,0,0,0,0,0,0,0,0,0,2,6,0,2,5,18,13,29,9,45,49,63,63,64
ASV_6179,0,0,0,0,0,0,0,0,0,2,2,0,1,0,0,0,0,0,0,0,0,0,0
ASV_6183,1,1,0,0,0,1,1,0,7,1,1,2,30,16,13,6,20,10,69,65,69,51,74
ASV_6184,0,0,0,0,0,0,33,0,0,0,0,0,0,0,0,0,0,0,0,0,0,0,0
ASV_6189,0,0,0,0,0,0,0,0,4,2,2,3,1,0,0,0,0,0,0,0,0,0,0
ASV_6193,0,0,0,0,0,1,0,0,0,0,0,0,0,0,0,0,0,0,0,0,0,0,0
ASV_6196,0,0,0,0,0,0,0,0,0,0,0,1,0,0,0,0,0,0,0,0,0,0,0
ASV_6197,0,0,0,0,0,63,26,30,0,0,0,0,0,0,0,0,0,0,0,0,0,0,0
ASV_6199,0,0,0,0,0,0,0,0,50,10,17,8,13,0,0,0,0,0,0,0,0,0,0
ASV_6205,0,0,0,0,1,1,1,0,4,1,5,4,1,20,16,7,15,23,64,55,44,54,57
ASV_6206,2,0,3,0,2,4,12,7,0,0,0,0,0,0,0,0,0,0,0,0,0,0,0
ASV_6207,0,1,0,0,0,54,47,2,0,0,0,0,0,0,0,0,0,0,0,0,0,0,0
ASV_6210,0,0,0,0,0,0,0,3,8,3,0,0,0,17,14,10,21,7,0,0,0,0,0
ASV_6211,32,0,0,5,0,0,0,9,0,0,0,0,0,0,0,0,0,0,0,0,0,0,0
ASV_6219,0,0,0,0,0,0,0,1,0,0,0,0,0,0,0,0,0,0,0,0,0,0,0
ASV_6232,0,0,0,0,0,0,0,0,0,0,0,0,0,1,0,0,0,0,0,0,0,0,0
ASV_6253,0,0,0,0,0,0,0,0,0,0,0,1,0,0,0,0,0,0,0,0,0,0,0
ASV_6261,0,0,0,0,0,0,4,0,0,0,0,0,0,0,0,0,0,0,0,0,0,0,0
ASV_6264,0,0,0,0,0,2,0,0,5,11,1,0,2,8,9,13,9,7,79,46,67,36,57
ASV_6271,0,0,0,0,0,0,0,0,0,0,0,0,0,1486,0,0,4,1,0,0,0,0,0
ASV_6283,0,0,3,1,0,1,0,0,0,2,3,0,2,16,2,16,9,7,67,35,73,77,41
ASV_6292,0,2,0,9,10,0,0,0,1,6,4,0,6,2,0,1,2,0,0,0,0,0,0
ASV_6297,0,0,0,0,7,0,0,0,0,0,0,0,0,0,0,0,0,0,0,0,0,0,0
ASV_6310,0,0,0,0,0,20,14,12,0,0,0,0,0,0,0,0,0,0,0,0,0,0,0
ASV_6313,0,0,0,0,0,0,0,0,0,1,0,0,0,0,0,0,0,0,0,0,0,0,0
ASV_6316,0,0,0,0,0,7,0,4,0,0,0,0,0,0,0,0,0,0,0,0,0,0,0
ASV_6324,0,0,0,0,0,0,0,1,0,0,0,0,0,0,0,0,0,0,0,0,0,0,0
ASV_6329,0,0,0,0,0,14,8,30,0,0,0,0,0,0,0,0,0,0,0,0,0,0,0
ASV_6334,0,0,1,0,0,0,0,0,0,0,0,0,0,0,0,0,0,0,0,0,0,0,0
ASV_6341,0,3,0,0,0,241,23,164,0,0,0,0,0,0,0,0,0,0,0,0,0,0,0
ASV_6344,70,18,32,17,49,0,1,0,0,0,0,0,0,0,0,0,0,0,0,0,0,0,0
ASV_6360,0,0,0,0,0,0,0,0,311,296,194,118,221,0,1,0,0,1,0,0,0,0,0
ASV_6388,0,0,0,0,0,4,6,8,0,0,0,0,0,0,0,0,0,0,0,0,0,0,0
ASV_6397,0,0,0,0,0,0,1,0,0,0,0,0,0,0,0,0,0,0,0,0,0,0,0
ASV_6400,0,0,0,0,0,2,0,0,0,0,0,0,0,0,0,0,0,0,0,0,0,0,0
ASV_6404,0,2,0,0,0,5,1,2,0,0,0,0,0,0,0,0,0,0,0,0,0,0,0
ASV_6408,0,0,0,0,2,0,0,0,0,0,1,0,0,0,13,0,0,3,0,0,0,0,0
ASV_6413,0,0,0,0,0,0,0,0,0,0,0,0,0,8,53,32,14,9,0,0,0,0,0
ASV_6414,6,6,3,11,10,0,0,0,6,6,8,1,20,4,3,1,1,0,0,0,0,0,0
ASV_6423,0,0,0,0,0,0,0,0,0,0,0,0,0,0,0,0,0,0,0,0,0,2,0
ASV_6430,0,0,0,0,0,0,1,0,0,0,0,0,0,0,0,0,0,0,0,0,0,0,0
ASV_6432,0,0,0,0,0,6,11,17,0,0,0,0,0,0,0,0,0,0,0,0,0,0,0
ASV_6434,102,35,20,25,42,0,0,0,0,0,0,0,0,0,0,0,0,0,0,0,0,0,0
ASV_6447,0,0,2,0,0,0,0,0,3,6,3,4,3,7,6,17,17,10,57,60,59,48,50
ASV_6450,1,0,0,0,0,0,0,0,0,1,2,0,0,0,0,0,0,0,0,0,0,0,0
ASV_6455,10,0,16,0,0,0,0,0,18,24,15,25,24,0,0,0,0,0,0,0,0,0,0
ASV_6460,0,0,0,0,0,0,0,0,39,12,33,7,41,0,0,0,0,0,0,0,0,0,0
ASV_6464,0,0,0,0,0,0,0,5,0,0,0,0,0,0,0,0,0,0,0,0,0,0,0
ASV_6465,0,0,0,0,0,0,0,297,0,0,0,0,0,0,0,0,0,0,0,0,0,0,0
ASV_6466,0,0,4,0,0,0,0,0,0,0,0,0,0,0,0,0,0,0,0,0,0,0,0
ASV_6469,0,1,0,0,0,0,1,0,0,0,0,0,0,0,0,0,0,0,0,0,0,0,0
ASV_6474,0,0,0,0,0,0,10,0,0,0,0,0,0,0,0,0,0,0,0,0,0,0,0
ASV_6490,0,0,0,0,0,0,28,0,0,0,0,0,0,0,0,0,0,0,0,0,0,0,0
ASV_6530,0,1,0,0,0,0,0,0,0,0,0,0,0,0,0,0,0,0,0,0,0,0,0
ASV_6539,0,0,0,0,0,36,8,11,0,0,0,0,0,0,0,0,0,0,0,0,0,0,0
ASV_6545,0,0,3,0,0,0,0,0,0,0,0,0,0,0,0,0,0,0,0,0,0,0,0
ASV_6547,1,0,0,0,0,0,0,0,0,0,0,0,0,0,0,0,0,0,0,0,0,0,0
ASV_6550,0,0,0,0,0,0,0,0,16,0,0,0,0,0,0,0,0,0,0,0,0,0,0
ASV_6563,0,0,0,0,0,0,0,0,0,0,0,0,1,0,0,0,0,0,0,0,0,0,0
ASV_6566,0,0,0,0,0,0,0,0,0,0,0,0,0,0,0,0,0,2,0,0,0,0,0
ASV_6573,0,0,0,0,2,0,0,0,0,0,0,0,0,0,0,0,0,0,0,0,0,0,0
ASV_6579,0,0,0,0,0,0,0,0,0,0,0,0,2,0,0,0,0,0,0,0,0,0,0
ASV_6596,0,0,0,0,2,0,0,0,0,0,0,0,0,0,0,0,0,0,0,0,0,0,0
ASV_6601,0,0,0,0,0,0,0,0,201,246,157,474,292,0,0,0,0,0,0,0,0,0,0
ASV_6614,0,0,0,0,0,0,2,0,0,0,0,0,0,0,0,0,0,0,0,0,0,0,0
ASV_6625,0,0,0,0,0,0,0,0,0,0,0,0,1,0,0,0,0,0,0,0,0,0,0
ASV_6640,1,0,0,0,0,0,0,0,0,0,0,0,0,0,0,0,0,0,0,0,0,0,0
ASV_6657,5,0,6,0,4,0,0,0,0,0,0,0,0,94,128,104,104,45,0,0,0,0,0
ASV_6682,0,0,0,0,0,0,2,0,0,0,0,0,0,0,0,0,0,0,0,0,0,0,0
ASV_6683,240,5,3,2,0,0,0,0,0,0,0,0,0,0,0,0,0,0,0,0,0,0,0
ASV_6692,0,0,0,3,3,0,0,0,0,0,0,0,0,0,0,0,0,0,0,0,0,0,0
ASV_6695,0,0,0,0,0,0,6,13,10,0,0,0,0,0,0,0,0,0,0,0,0,0,0
ASV_6705,0,0,0,0,0,0,0,0,61,33,12,18,40,0,9,0,0,0,0,0,0,0,0
ASV_6739,9,0,0,1,6,0,0,0,0,0,0,0,0,0,0,0,0,0,0,0,0,0,0
ASV_6753,0,0,0,0,0,0,0,0,0,0,0,0,0,0,1,0,0,0,0,0,0,0,0
ASV_6766,0,0,0,0,0,0,0,0,0,0,1,0,0,0,0,0,0,0,0,0,0,0,0
ASV_6801,0,0,0,0,0,0,6,0,0,0,0,0,0,0,0,0,0,0,0,0,0,0,0
ASV_6802,0,0,0,0,0,0,0,0,3,5,13,29,0,0,0,0,0,0,0,0,0,0,0
ASV_6806,0,0,0,3,0,0,0,0,0,0,0,0,0,0,0,0,0,0,0,0,0,0,0
ASV_6826,0,0,0,0,0,0,0,0,1,0,0,0,0,0,0,0,0,0,0,0,0,0,0
ASV_6838,0,0,0,0,0,0,0,0,0,0,0,0,0,235,86,251,536,189,0,0,0,0,0
ASV_6841,0,0,0,0,0,0,0,2,0,0,1,1,0,0,0,0,0,0,0,0,0,0,0
ASV_6845,145,1,5,8,27,0,0,0,0,0,0,0,0,6,6,9,0,5,0,0,0,0,0
ASV_6853,0,0,0,0,0,0,0,0,0,2,0,0,0,2,0,0,0,0,0,0,0,0,0
ASV_6876,0,0,0,0,0,0,3,0,2,0,0,0,0,0,0,0,0,0,0,0,0,0,0
ASV_6900,0,1,0,0,0,0,0,0,0,1,0,0,0,0,0,3,0,0,0,0,0,0,0
ASV_6905,5,0,0,3,0,0,0,0,0,0,0,0,0,0,0,0,0,0,0,0,0,0,0
ASV_6909,0,0,0,0,0,0,0,0,0,2,5,1,3,0,0,0,0,0,0,0,0,0,0
ASV_6913,4,3,3,0,6,0,0,0,5,4,2,4,10,2,2,1,2,1,0,0,0,0,0
ASV_6918,0,0,0,0,0,8,16,23,2,0,0,0,0,0,0,0,0,0,0,0,0,0,0
ASV_6934,0,0,0,0,0,0,0,0,1,0,0,0,0,0,0,0,0,0,0,0,0,0,0
ASV_6940,0,0,0,0,0,0,0,11,0,0,0,0,0,0,0,0,0,0,0,0,0,0,0
ASV_6948,0,0,0,0,0,0,0,0,0,0,0,0,3,0,0,0,0,0,0,0,0,0,0
ASV_6953,0,0,0,0,0,0,0,0,0,0,0,2,0,0,0,0,0,0,0,0,0,0,0
ASV_6958,0,0,0,0,0,192,8,19,0,0,2,0,0,0,0,0,0,0,0,0,0,0,0
ASV_6971,7,0,3,0,3,0,0,0,0,0,0,0,0,0,0,0,0,0,0,0,0,0,0
ASV_6972,0,0,0,0,0,0,4,0,0,0,0,0,0,0,0,0,0,0,0,0,0,0,0
ASV_6996,0,0,0,0,0,0,0,3,0,0,0,0,0,16,8,2,0,5,0,0,0,0,0
ASV_6998,0,0,0,0,0,0,0,0,0,1,0,0,0,0,0,0,0,0,0,0,0,0,0
ASV_7004,0,0,0,0,0,0,2,0,0,0,0,0,0,0,0,0,0,0,0,0,0,0,0
ASV_7023,0,0,0,0,0,0,5,0,0,0,0,0,0,0,0,0,0,0,0,0,0,0,0
ASV_7024,0,4,0,0,0,108,11,9,0,0,0,0,0,0,0,0,0,0,1,0,0,0,0
ASV_7056,0,0,0,0,0,0,0,6,23,10,12,2,41,0,0,1,0,1,0,0,0,0,0
ASV_7059,0,0,0,0,0,0,0,0,6,5,1,0,8,0,0,0,0,0,0,0,0,0,0
ASV_7064,0,0,0,0,0,1,1,2,0,0,0,0,0,0,0,0,0,0,0,0,0,0,0
ASV_7067,0,2,0,0,0,22,7,8,0,0,0,0,0,0,1,0,0,0,0,0,0,0,0
ASV_7077,0,0,0,0,0,0,0,15,0,0,0,0,0,0,0,0,0,0,0,0,0,0,0
ASV_7084,0,0,0,0,0,0,0,0,0,0,0,5,2,0,0,0,0,0,0,0,0,0,0
ASV_7108,0,12,0,0,0,0,1,1203,0,0,0,0,0,0,0,0,0,0,0,0,0,0,0
ASV_7156,4,0,4,5,1,0,0,0,8,5,3,0,6,0,4,1,2,6,0,0,0,0,0
ASV_7163,0,0,0,0,0,0,0,0,7,0,3,0,6,0,0,0,0,0,0,0,0,0,0
ASV_7165,0,0,0,0,0,13,7,16,0,0,0,0,0,0,0,0,0,0,0,0,0,0,0
ASV_7182,0,0,0,0,0,0,0,0,0,0,2,0,0,0,0,0,0,0,0,0,0,0,0
ASV_7190,0,0,0,0,0,18,44,19,0,0,0,0,0,0,0,0,0,0,0,0,0,0,0
ASV_7196,0,0,0,0,0,13,13,5,0,0,0,0,0,0,0,0,0,0,0,0,0,0,0
ASV_7203,0,0,0,0,0,0,0,0,0,0,2,0,1,0,0,0,0,0,0,0,0,0,0
ASV_7204,0,0,0,0,1,2,0,11,0,0,0,0,0,0,0,0,0,0,0,0,0,0,0
ASV_7245,0,0,0,0,0,11,12,19,2,5,0,0,0,0,0,0,0,0,0,0,0,0,0
ASV_7263,0,1,0,0,1,0,0,0,5,2,6,5,0,9,10,10,11,11,62,57,76,52,54
ASV_7279,0,0,0,0,0,0,2,0,0,0,0,0,0,0,0,0,0,0,0,0,0,0,0
ASV_7283,0,0,0,0,0,1,3,3,0,0,0,0,0,0,0,0,0,0,0,0,0,0,0
ASV_7286,1,0,0,0,0,0,0,0,0,0,0,0,0,0,0,0,0,0,0,0,0,0,0
ASV_7334,2,0,0,0,3,0,0,0,2,5,3,2,3,0,0,0,0,0,0,0,0,0,0
ASV_7340,0,0,0,0,0,3,0,0,0,2,0,0,4,0,0,0,0,0,0,0,0,0,0
ASV_7354,0,3,0,0,0,0,0,0,0,0,0,0,0,0,0,0,0,0,0,0,0,0,0
ASV_7362,0,0,0,0,0,0,0,1,0,0,0,0,0,0,0,0,0,0,0,0,0,0,0
ASV_7364,0,0,0,0,0,3,0,0,1,0,0,0,0,0,0,0,0,0,0,0,0,0,0
ASV_7385,0,0,0,0,0,0,0,0,0,0,0,0,0,2,0,0,0,0,0,0,0,0,0
ASV_7390,0,0,0,0,0,1,0,0,0,12,2,0,0,5,3,5,11,2,986,25,15,35,27
ASV_7410,0,0,0,0,0,0,0,0,0,3,4,5,2,0,0,0,0,0,0,0,0,0,0
ASV_7419,0,0,0,0,0,1,9,19,0,0,0,0,0,0,0,0,0,0,0,0,0,0,0
ASV_7427,0,0,0,0,0,0,0,0,0,0,0,2,1,11,15,9,18,15,45,41,42,72,179
ASV_7463,2,0,0,0,0,0,0,0,0,0,0,0,0,0,0,0,0,0,0,0,0,0,0
ASV_7473,0,0,0,0,0,0,0,0,0,0,0,0,0,0,3,2,0,0,0,0,0,0,0
ASV_7476,0,1,0,0,0,0,0,0,26,79,128,2,73,26,12,29,74,75,26,13,22,25,19
ASV_7477,0,8,0,0,0,0,1103,1,0,0,0,0,0,0,0,0,0,0,0,0,0,0,0
ASV_7478,0,0,0,0,0,0,3,4,0,0,0,2,0,0,0,0,0,0,0,0,0,0,0
ASV_7526,0,0,0,0,1,0,0,0,0,0,0,0,0,0,0,0,0,0,0,0,0,0,0
ASV_7527,0,0,0,0,0,2,0,2,0,0,0,0,0,0,0,0,0,0,0,0,0,0,0
ASV_7532,0,0,0,0,0,19,12,19,0,0,0,0,0,0,0,0,0,0,0,0,0,0,0
ASV_7538,0,0,0,0,0,1,0,0,0,0,0,0,0,0,0,0,0,0,0,0,0,0,0
ASV_7549,0,1,0,0,0,0,0,0,0,0,0,0,0,0,0,0,0,0,0,0,0,0,0
ASV_7553,0,0,0,0,195,0,0,0,0,0,0,0,0,0,0,0,0,0,0,0,0,0,0
ASV_7562,0,0,0,0,0,0,1,0,0,0,0,0,0,0,0,0,0,0,0,0,0,0,0
ASV_7570,0,0,0,0,0,3,5,4,0,0,3,1,1,0,0,0,0,0,0,0,0,0,0
ASV_7574,0,3,0,0,0,0,0,0,0,0,0,0,0,0,0,0,0,0,0,0,0,0,0
ASV_7585,0,3,0,0,0,0,0,0,0,0,0,0,0,0,0,0,0,0,0,0,0,0,0
ASV_7606,0,3,297,0,5,0,0,0,0,0,0,0,0,0,0,0,0,0,0,0,0,0,0
ASV_7625,0,0,0,1,0,0,0,0,0,0,0,0,0,0,0,0,0,0,0,0,0,0,0
ASV_7627,0,0,0,0,0,0,29,0,0,0,0,0,0,0,0,0,0,0,0,0,0,0,0
ASV_7640,0,0,0,0,0,0,0,0,97,299,102,451,127,0,0,0,0,0,0,0,0,0,0
ASV_7652,0,0,0,0,0,0,0,2,0,0,0,0,0,0,0,0,0,0,0,0,0,0,0
ASV_7655,0,3,0,0,0,0,0,0,0,0,0,0,0,0,0,0,0,0,0,0,0,0,0
ASV_7662,0,0,0,0,3,0,0,0,0,0,0,0,0,0,0,0,0,0,0,0,0,0,0
ASV_7680,0,0,0,1,0,0,0,0,1,1065,0,0,1,0,0,0,0,0,0,0,0,0,0
ASV_7726,0,0,0,0,0,0,2,0,0,0,0,0,0,0,0,0,0,0,0,0,0,0,0
ASV_7729,0,0,0,0,0,0,0,0,0,0,0,0,0,3,3,6,0,3,0,0,0,0,0
ASV_7735,0,0,0,0,0,0,0,0,0,0,0,0,0,0,0,0,0,0,0,0,0,0,1
ASV_7745,0,0,0,0,0,0,0,14,0,0,0,0,0,0,0,0,0,0,0,0,0,0,0
ASV_7747,0,0,0,0,0,0,0,0,3,0,3,0,0,0,0,0,0,0,0,0,0,0,0
ASV_7774,0,10,3,0,2,0,0,0,0,0,0,0,0,0,22,0,0,0,0,0,0,0,0
ASV_7788,0,0,0,0,0,0,0,6,0,0,0,0,0,0,0,0,0,0,0,0,0,0,0
ASV_7818,0,6,3,4,1,0,0,0,0,0,0,0,0,0,0,0,0,0,0,0,0,0,0
ASV_7819,0,0,0,1,0,0,0,0,0,0,0,0,0,0,0,0,0,0,0,0,0,0,0
ASV_7825,0,0,0,0,0,0,0,0,0,228,0,0,5,77,251,196,161,119,0,0,0,0,0
ASV_7836,0,0,0,0,0,0,1,0,0,0,0,0,0,0,0,0,0,0,0,0,0,0,0
ASV_7839,0,0,0,0,0,0,0,0,0,0,0,1,0,0,0,0,0,0,0,0,0,0,0
ASV_7844,5,0,0,0,0,0,0,0,0,0,0,0,0,1,2,0,2,0,0,0,0,0,0
ASV_7845,0,2,0,0,0,0,0,0,0,0,0,0,0,0,0,0,0,0,0,0,0,0,0
ASV_7846,1,0,0,0,0,0,0,0,0,0,0,0,0,0,0,0,0,0,0,0,0,0,0
ASV_7860,0,0,0,0,0,0,0,3,10,10,0,5,9,0,0,0,0,0,0,0,0,0,0
ASV_7865,0,0,0,0,0,0,0,4,0,0,0,0,0,0,0,0,0,0,0,0,0,0,0
ASV_7897,0,0,0,0,0,0,0,0,0,0,0,0,0,0,0,0,0,0,0,0,0,0,1
ASV_7898,0,0,0,0,0,0,0,1,0,0,0,0,0,0,0,0,0,0,0,0,0,0,0
ASV_7900,0,0,0,0,0,0,0,0,0,0,0,0,0,0,0,1,1,0,5,1003,6,3,0
ASV_7902,0,0,0,0,0,172,1,0,0,0,0,0,0,0,0,0,0,0,0,0,0,0,0
ASV_7925,6,0,0,0,0,1,0,0,0,0,0,0,0,0,0,0,0,0,0,0,0,0,0
ASV_7969,0,0,0,0,0,0,0,0,196,119,117,55,147,6,0,2,0,0,0,0,0,0,0
ASV_7973,0,0,0,0,0,0,0,0,0,0,0,0,4,0,0,0,0,0,0,0,0,0,0
ASV_7986,2,0,0,0,0,0,0,0,0,0,0,0,0,0,0,0,0,0,0,0,0,0,0
ASV_7995,0,0,0,0,0,0,0,0,2,0,0,0,0,0,0,0,0,0,0,0,0,0,0
ASV_8018,9,0,0,0,0,6,0,0,0,0,0,0,0,0,0,0,0,0,0,0,0,0,0
ASV_8033,3,0,0,6,7,0,0,0,0,0,0,0,0,0,0,0,0,0,0,0,0,0,0
ASV_8040,0,0,0,0,0,1,0,0,0,0,0,0,0,0,0,0,0,0,0,0,0,0,0
ASV_8056,0,1,0,0,0,0,0,0,112,52,56,134,87,80,137,42,7,51,0,0,0,0,0
ASV_8057,2,0,0,0,0,0,0,0,6,5,4,6,6,0,0,0,0,0,0,0,0,0,0
ASV_8061,3,0,0,0,0,0,0,0,0,0,0,0,0,0,0,0,0,0,0,0,0,0,0
ASV_8079,0,0,0,0,0,16,38,8,0,0,0,0,0,0,0,0,0,0,0,0,0,0,0
ASV_8081,4,0,8,6,0,0,0,0,0,0,0,0,0,0,0,0,0,4,0,0,0,0,0
ASV_8085,0,0,0,0,0,0,0,0,0,0,0,17,3,0,0,0,0,0,0,0,0,0,0
ASV_8100,0,0,0,0,0,13,3,2,0,0,0,0,0,0,4,0,0,0,0,0,0,0,0
ASV_8115,0,0,0,0,0,0,0,0,0,0,0,0,0,0,0,0,0,4,0,0,0,0,0
ASV_8117,0,3,1,0,0,1,0,0,2,3,8,22,3,12,18,28,28,20,77,58,100,63,60
ASV_8119,0,0,0,0,10,0,0,0,3,9,2,6,3,9,6,8,33,9,53,42,35,52,51
ASV_8121,0,0,0,0,0,10,10,47,0,0,0,0,0,0,0,0,0,0,0,0,0,0,0
ASV_8129,0,0,0,0,0,0,3,0,5,0,0,3,5,0,0,0,0,0,0,0,0,0,0
ASV_8131,0,0,0,0,0,0,0,0,8,20,3,7,11,0,0,0,0,0,0,0,0,0,0
ASV_8155,0,0,0,0,0,0,0,0,0,0,0,3,0,0,0,0,0,0,0,0,0,0,0
ASV_8172,0,0,0,0,0,0,0,0,115,53,64,99,92,11,7,10,8,9,0,0,0,0,0
ASV_8178,0,4,0,0,0,0,0,0,0,0,0,0,0,0,0,0,0,0,0,0,0,0,0
ASV_8184,0,0,0,0,0,0,0,0,0,1,0,5,0,2,6,3,1,7,16,25,19,806,10
ASV_8201,0,0,0,0,0,0,3,0,0,0,0,0,0,0,0,0,0,0,0,0,0,0,0
ASV_8249,0,0,0,0,0,8,0,0,0,0,0,0,0,0,0,0,0,0,0,0,0,0,0
ASV_8263,0,0,0,0,0,0,0,0,248,145,223,76,246,0,0,0,6,0,2,0,0,0,0
ASV_8268,1,0,0,0,0,1,0,0,0,0,0,0,0,0,0,0,0,0,0,0,0,0,0
ASV_8276,0,0,0,0,0,8,10,5,0,0,0,0,0,0,0,0,0,0,0,0,0,0,0
ASV_8292,0,0,0,0,0,0,0,0,476,5,13,1,443,0,0,0,0,0,0,0,0,0,0
ASV_8327,0,0,0,0,0,0,0,0,7,4,6,3,2,0,0,0,0,0,0,0,0,0,0
ASV_8330,0,0,0,0,0,0,0,0,1,5,1,3,0,11,3,7,19,9,56,38,158,47,45
ASV_8347,0,0,0,0,0,0,0,0,1,0,0,0,6,0,0,0,0,0,0,0,0,0,0
ASV_8385,0,1,0,0,1,6,0,0,0,0,0,0,0,0,0,0,0,0,0,0,0,0,0
ASV_8398,0,0,0,0,0,0,0,0,0,0,0,0,5,0,0,0,0,0,0,0,0,0,0
ASV_8408,0,0,0,0,0,0,0,0,218,128,141,90,175,0,0,0,0,0,0,0,0,0,0
ASV_8418,3,11,54,23,2,0,0,0,0,0,0,0,0,0,0,0,0,0,0,0,0,0,0
ASV_8422,0,0,0,0,0,3,3,7,0,0,0,0,0,0,0,0,0,0,0,0,0,0,0
ASV_8425,0,0,0,0,0,1,0,0,7,0,0,0,0,0,0,0,0,0,0,0,0,0,0
ASV_8427,202,5,0,0,0,0,0,0,0,11,0,0,0,0,0,0,0,0,0,0,0,0,0
ASV_8448,0,0,0,0,0,0,0,0,0,0,0,0,0,1,0,0,0,0,0,0,0,0,0
ASV_8458,0,0,0,0,0,5,0,0,0,0,0,0,0,0,0,0,0,0,0,0,0,0,0
ASV_8468,0,0,0,0,0,0,0,0,0,0,0,0,0,4,14,19,12,5,0,0,0,0,0
ASV_8479,0,0,0,0,0,0,0,0,0,0,0,0,2,116,371,276,130,12,0,0,0,0,0
ASV_8481,0,0,0,0,0,0,0,0,0,0,0,0,0,0,0,0,0,0,0,0,0,0,1
ASV_8507,0,0,0,0,0,0,0,0,0,3,0,0,0,0,0,0,0,0,0,0,0,0,0
ASV_8518,0,0,0,0,0,0,0,0,6,2,4,3,6,0,0,0,0,0,0,0,0,0,0
ASV_8553,0,0,0,3,1,1,2,92,23,30,10,14,29,0,0,2,0,2,0,0,0,0,0
ASV_8589,0,0,0,0,0,0,0,0,4,7,5,0,11,0,0,0,0,0,0,0,0,0,0
ASV_8590,0,0,0,0,0,2,0,0,2,0,2,0,3,6,2,1,6,10,21,33,43,203,21
ASV_8593,51,4,22,3,20,0,0,0,0,0,0,0,0,0,2,2,2,2,0,0,0,0,0
ASV_8594,6,0,0,0,0,0,0,0,6,5,17,14,0,6,6,5,10,3,41,25,21,163,26
ASV_8596,2,0,0,0,0,0,0,0,0,0,0,0,0,0,0,0,0,0,0,0,0,0,0
ASV_8599,0,0,0,0,0,0,0,0,2,0,0,0,5,0,0,0,0,0,0,0,0,0,0
ASV_8602,0,0,0,0,0,0,84,12,0,0,0,0,0,0,0,0,0,0,0,0,0,0,0
ASV_8607,0,5,0,0,0,0,0,0,0,0,0,0,0,0,0,0,0,0,0,0,0,0,0
ASV_8608,0,0,0,0,0,0,0,0,0,0,0,0,0,0,1,0,0,0,0,0,0,0,0
ASV_8610,0,0,0,0,0,0,50,0,0,0,0,0,0,0,0,0,0,0,0,0,0,0,0
ASV_8635,0,0,0,0,0,0,0,0,0,0,0,0,0,0,0,0,12,0,0,0,0,0,0
ASV_8649,0,0,0,0,1,0,0,0,3,0,0,0,0,0,0,0,0,0,0,0,0,0,0
ASV_8665,0,0,0,0,0,0,0,1,0,0,0,0,0,0,0,0,0,0,0,0,0,0,0
ASV_8673,0,0,0,0,0,0,0,0,0,0,0,0,0,0,0,0,0,1,0,0,0,0,0
ASV_8684,10,7,0,5,1,0,0,0,0,0,0,0,0,0,0,0,0,0,0,0,0,0,0
ASV_8686,0,0,0,0,0,0,1,0,0,0,0,0,0,0,0,0,0,0,0,0,0,0,0
ASV_8708,0,0,0,0,0,0,0,9,0,0,0,0,0,0,0,0,0,0,0,0,0,0,0
ASV_8715,32,2,2,0,2,0,0,0,0,0,0,0,0,0,0,0,0,0,0,0,0,0,0
ASV_8736,0,0,0,0,0,0,0,19,0,0,0,0,0,0,0,0,0,0,0,0,0,0,0
ASV_8752,0,0,0,0,0,0,2,0,0,0,0,0,0,0,0,0,0,0,0,0,0,0,0
ASV_8770,0,1,0,0,0,0,0,608,0,0,0,0,0,0,0,0,0,0,0,0,0,0,0
ASV_8798,0,3,0,1,4,13,1,1,5,7,7,3,6,17,21,23,26,20,110,113,128,106,126
ASV_8799,0,0,0,0,0,0,17,9,0,0,0,0,0,0,0,0,0,0,0,0,0,0,0
ASV_8826,0,0,0,0,0,0,0,2,0,0,0,0,0,0,0,0,0,0,0,0,0,0,0
ASV_8829,0,0,0,0,0,0,0,4,0,0,0,0,0,0,0,0,0,0,0,0,0,0,0
ASV_8834,10,10,11,0,0,0,0,0,0,0,0,0,0,0,0,0,0,0,0,0,0,0,0
ASV_8837,0,0,0,0,0,0,1,0,0,0,0,0,0,0,0,0,0,0,0,0,0,0,0
ASV_8839,0,0,0,0,0,0,0,0,267,149,166,87,177,0,0,0,0,0,0,0,0,0,0
ASV_8859,0,0,0,0,0,3,0,0,186,170,154,172,162,0,0,0,0,0,0,0,0,0,0
ASV_8877,0,0,0,0,0,6,7,4,0,0,0,0,0,0,0,0,0,0,0,0,0,0,0
ASV_8880,0,0,0,0,0,0,0,0,0,0,0,0,3,4,0,0,10,0,0,0,0,0,0
ASV_8890,653,24,14,38,40,0,1,0,0,0,0,0,0,0,0,0,0,0,0,0,0,0,0
ASV_8899,0,0,0,0,0,0,0,0,8,16,9,24,11,219,117,106,137,81,0,0,0,0,0
ASV_8916,0,0,0,0,0,0,0,3,0,0,0,0,0,4,2,2,6,9,0,0,0,0,0
ASV_8922,0,0,0,0,0,0,0,0,0,0,1,0,0,0,0,0,0,0,0,0,0,0,0
ASV_8942,0,0,0,0,0,0,0,0,0,0,0,0,1,7,0,0,1,0,168,167,159,209,126
ASV_8943,0,0,0,0,0,0,1,4,207,179,120,84,112,0,4,0,1,0,0,0,1,0,0
ASV_8951,0,0,0,0,0,4,3,2,4,0,2,4,4,0,0,0,0,0,0,0,0,0,0
ASV_8984,0,0,0,0,0,0,2,0,0,0,0,0,0,0,0,0,0,0,0,0,0,0,0
ASV_9010,0,0,0,0,0,0,0,0,0,0,3,0,2,0,0,0,0,0,0,0,0,0,0
ASV_9023,0,0,0,0,0,0,0,0,7,0,3,814,0,0,0,0,0,0,0,0,0,0,0
ASV_9029,0,0,0,0,0,0,0,0,11,5,7,14,12,0,0,0,0,0,0,0,0,0,0
ASV_9036,0,0,0,0,0,0,0,20,0,0,0,0,0,0,0,0,0,0,0,0,0,0,0
ASV_9039,13,0,0,0,0,0,0,0,0,0,0,0,0,0,0,0,0,0,0,0,0,0,0
ASV_9041,0,0,0,0,0,44,12,21,0,0,0,0,0,0,0,0,0,0,0,0,0,0,0
ASV_9060,6,2,6,3,10,0,0,0,0,0,0,0,0,14,8,21,60,2,0,0,0,0,0
ASV_9063,0,0,0,0,0,0,0,0,0,0,0,0,0,0,0,0,0,0,0,0,0,0,1
ASV_9066,0,0,0,0,0,2,0,0,0,0,0,0,0,0,0,0,0,0,0,0,0,0,0
ASV_9078,0,0,0,0,0,0,0,0,0,0,0,0,5,0,0,1,0,4,0,0,0,0,0
ASV_9119,0,0,0,0,0,0,6,5,18,14,24,5,27,0,0,0,0,1,0,0,0,0,0
ASV_9139,0,3,0,0,0,77,20,28,0,0,0,0,0,0,0,0,0,0,0,0,0,0,0
ASV_9140,0,0,0,0,0,0,0,0,0,0,0,0,0,0,2,1,0,0,0,0,0,0,0
ASV_9146,0,0,0,0,0,0,0,0,0,0,0,0,0,6,22,9,8,9,0,0,0,0,0
ASV_9147,0,0,0,0,1,0,0,0,0,0,0,0,0,0,0,0,0,0,0,0,0,0,0
ASV_9160,0,1,0,0,0,0,0,0,0,0,0,0,0,0,0,0,0,0,0,0,0,0,0
ASV_9163,1,0,0,0,0,0,0,0,0,0,0,0,0,0,0,0,0,0,0,0,0,0,0
ASV_9191,0,0,0,0,0,0,0,0,2,0,1,0,0,0,0,0,0,0,0,0,0,0,0
ASV_9236,0,0,0,0,0,0,0,0,181,388,100,47,77,0,0,0,1,0,0,0,0,0,0
ASV_9246,0,0,0,0,0,8,0,4,0,0,0,0,0,0,0,0,0,0,0,0,0,0,0
ASV_9341,0,0,0,0,0,0,0,0,0,0,3,0,0,2,4,5,9,8,42,50,202,34,39
ASV_9350,0,0,0,0,0,0,3,0,0,0,0,0,0,0,0,0,0,0,0,0,0,0,0
ASV_9380,0,0,0,0,0,0,0,0,0,0,0,0,0,0,0,0,0,0,0,1,0,0,0
ASV_9385,0,0,0,0,0,0,0,0,0,0,0,0,0,0,0,3,0,3,0,0,0,0,0
ASV_9387,0,0,0,0,0,0,0,9,0,0,0,0,0,0,0,0,0,0,0,0,0,0,0
ASV_9401,0,0,0,0,0,36,0,4,0,0,0,0,0,0,0,0,0,0,0,0,0,0,0
ASV_9417,0,0,0,0,0,0,3,0,0,0,0,0,0,0,0,0,0,0,0,0,0,0,0
ASV_9428,1,0,0,0,0,0,0,0,0,0,0,0,0,0,0,0,0,0,0,0,0,0,0
ASV_9434,0,0,0,0,0,0,0,0,6,0,0,3,0,0,0,0,0,0,0,0,0,0,0
ASV_9445,0,0,0,0,0,0,0,0,0,0,0,0,0,0,57,81,0,14,0,0,0,0,0
ASV_9476,3,0,0,0,0,2,0,0,0,0,0,0,0,0,0,0,0,0,0,0,0,0,0
ASV_9510,0,0,0,0,0,8,12,0,0,0,0,0,0,0,0,0,0,0,0,0,0,0,0
ASV_9634,0,0,0,0,0,0,0,0,1,3,0,0,4,13,9,5,9,15,45,32,29,52,29
ASV_9653,0,0,0,0,0,0,0,0,0,0,2,0,0,0,0,0,0,0,0,0,0,0,0
ASV_9657,0,0,0,0,0,0,0,9,0,0,0,0,0,0,0,0,0,0,0,0,0,0,0
ASV_9685,0,0,0,0,0,0,0,0,0,0,0,0,0,393,48,70,131,52,0,0,0,0,0
ASV_9704,0,0,0,0,0,0,0,0,0,0,0,0,0,0,0,3,0,4,0,0,0,0,0
ASV_9710,0,2,0,0,0,10,16,3,0,0,0,0,0,0,0,0,0,0,0,0,0,0,0
ASV_9716,2,0,0,0,0,1,0,0,0,0,0,0,0,0,0,0,0,0,0,0,0,0,0
ASV_9730,31,74,66,112,81,0,0,0,0,0,0,0,0,0,0,0,0,0,0,0,0,0,0
ASV_9740,0,0,0,0,0,0,0,0,0,0,0,0,0,0,49,12,16,10,0,0,0,0,0
ASV_9757,0,0,0,0,0,0,16,142,0,0,0,0,0,0,0,0,0,0,0,0,0,0,0
ASV_9766,0,0,0,0,0,0,4,3,4,0,0,0,0,0,0,0,0,0,0,0,0,0,0
ASV_9767,0,0,0,0,0,0,0,0,0,0,0,0,0,0,0,0,0,7,0,0,0,0,0
ASV_9771,0,0,0,0,0,0,0,0,197,70,142,131,184,0,0,0,0,0,0,0,0,0,0
ASV_9790,0,0,0,0,0,2,0,0,5,4,2,5,4,0,0,0,0,0,0,0,0,0,0
ASV_9812,0,0,0,0,0,0,0,0,0,0,0,0,0,0,5,124,150,104,0,0,0,0,0
ASV_9815,0,0,0,0,0,0,0,0,0,0,0,0,0,58,537,5,30,90,0,0,0,0,0
ASV_9818,5,0,0,0,0,0,0,0,0,3,0,1,0,0,3,0,0,0,0,0,0,0,0
ASV_9836,0,0,0,0,0,0,2,0,0,0,2,0,15,0,0,0,0,0,0,0,0,0,0
ASV_9859,0,0,0,0,0,0,12,0,0,0,0,0,0,0,0,0,0,0,0,0,0,0,0
ASV_9939,0,0,0,0,0,0,0,0,0,0,0,23,0,0,0,0,0,12,0,0,0,0,0
ASV_9942,0,0,0,0,1,7,1,5,0,0,0,0,0,0,0,0,0,0,0,0,0,0,0
ASV_9955,0,0,0,0,0,4,3,0,0,0,0,0,0,0,0,0,0,0,0,0,0,0,0
ASV_9963,0,0,0,0,0,7,0,3,0,0,0,0,0,0,0,0,0,0,0,0,0,0,0
ASV_9991,0,0,0,0,0,1,0,11,0,0,0,0,0,39,12,14,14,2,0,0,0,0,0
ASV_10006,0,0,69,0,0,0,0,0,0,0,0,0,0,0,0,0,0,0,0,0,0,0,0
ASV_10036,0,0,0,0,0,8,32,21,0,0,0,0,0,0,0,0,0,0,0,0,0,0,0
ASV_10047,0,0,0,0,0,0,0,0,0,1,0,1,1,6,0,0,3,0,5,609,17,7,35
ASV_10055,0,3,0,0,3,0,0,0,0,0,0,0,0,0,0,0,0,0,0,0,0,0,0
ASV_10060,0,0,0,0,0,94,19,0,0,0,0,0,0,0,0,0,0,0,0,0,0,0,0
ASV_10077,0,2,24,13,151,0,0,0,0,0,0,0,0,0,0,0,0,0,0,0,0,0,0
ASV_10113,0,0,0,0,0,0,0,0,0,1,0,0,0,144,167,127,136,96,0,0,0,0,0
ASV_10131,0,1,0,0,0,0,0,0,0,0,0,0,0,0,0,0,0,0,0,0,0,0,0
ASV_10139,0,0,0,0,0,0,0,0,1,0,0,0,0,0,1,0,0,0,0,0,0,0,0
ASV_10143,1,0,0,0,0,5,0,0,0,0,0,0,0,0,0,0,0,0,0,0,0,0,0
ASV_10156,0,0,0,0,0,0,0,0,0,0,0,0,3,98,273,106,24,106,0,0,0,0,0
ASV_10165,0,0,0,0,0,3,8,5,0,0,0,0,0,0,0,0,0,0,0,0,0,0,0
ASV_10171,0,0,0,0,0,0,0,0,0,0,0,0,0,0,0,0,0,2,0,0,0,0,0
ASV_10196,0,0,0,0,0,0,0,0,0,0,0,2,0,0,0,0,0,0,0,0,0,0,0
ASV_10197,0,11,0,7,0,0,0,0,0,0,0,0,0,0,0,0,0,0,0,0,0,0,0
ASV_10202,0,0,0,0,0,3,2,2,3,0,3,2,2,7,6,11,6,14,58,51,78,43,37
ASV_10210,0,0,0,0,0,0,0,0,0,0,0,0,0,3,0,0,0,0,0,0,0,0,0
ASV_10211,0,2,0,0,0,0,2,331,0,0,0,0,0,0,0,0,0,0,0,0,0,0,0
ASV_10216,0,0,0,0,0,10,21,10,0,0,0,0,0,0,0,0,0,0,0,0,0,0,0
ASV_10222,0,0,0,0,0,0,6,5,0,0,0,1,3,0,0,0,0,0,0,0,0,0,0
ASV_10239,0,0,0,0,0,0,0,1,0,0,0,2,4,11,0,5,6,4,29,20,18,11,556
ASV_10240,2,2,0,0,0,4,0,0,0,0,0,0,0,0,0,0,0,0,0,0,0,0,0
ASV_10249,0,0,0,0,0,2,6,9,0,0,0,0,0,0,0,0,0,0,0,0,0,0,0
ASV_10251,0,0,0,0,0,0,0,1,0,0,0,0,0,0,0,0,0,0,0,0,0,0,0
ASV_10263,0,0,0,0,0,0,0,0,0,0,0,0,0,0,0,0,2,0,0,0,0,0,0
ASV_10272,0,0,0,0,0,0,0,0,0,0,0,0,0,0,4,0,0,0,0,0,0,0,0
ASV_10273,0,0,0,0,0,0,0,0,0,0,0,0,0,0,4,0,3,0,0,0,0,0,0
ASV_10308,0,0,0,0,0,5,7,0,0,0,0,0,0,0,0,0,0,0,0,0,0,0,0
ASV_10311,0,0,0,0,0,0,0,0,0,1,0,0,0,0,0,0,0,0,0,0,0,0,0
ASV_10314,0,0,0,2,0,0,0,0,0,0,0,0,0,0,0,0,0,0,0,0,0,0,0
ASV_10320,0,0,0,0,0,0,0,0,0,0,0,0,0,0,0,0,0,0,0,0,0,1,0
ASV_10323,0,0,0,0,0,5,0,11,12,5,8,9,11,0,0,2,0,0,0,0,0,0,0
ASV_10339,0,0,0,0,0,0,0,0,0,0,0,0,1,0,0,0,0,0,0,0,0,0,0
ASV_10340,0,0,3,0,0,0,0,0,1,2,4,9,2,0,0,0,0,0,0,0,0,0,0
ASV_10369,0,0,0,0,0,0,0,0,1,0,0,0,1,0,0,0,0,0,0,0,0,0,0
ASV_10372,0,0,0,0,0,1,0,0,0,0,0,0,0,0,0,0,0,0,0,655,1,0,0
ASV_10440,0,0,0,0,0,2,8,8,50,57,40,157,54,0,0,0,0,0,0,0,0,0,0
ASV_10465,0,0,0,0,0,1,3,0,2,0,0,0,0,0,0,0,0,0,0,0,0,0,0
ASV_10469,0,0,0,0,0,0,1,0,0,0,1,0,0,0,0,0,0,0,0,0,0,0,0
ASV_10515,0,0,0,0,0,23,4,65,0,0,0,0,0,0,0,0,0,0,0,0,0,0,0
ASV_10525,56,56,413,73,43,0,0,0,0,0,0,0,0,0,0,0,1,0,0,0,0,0,0
ASV_10530,0,0,0,0,0,0,11,0,0,0,0,0,0,0,0,0,0,0,0,0,0,0,0
ASV_10536,0,0,0,0,0,117,14,0,0,0,0,0,0,0,0,0,0,0,0,0,0,0,0
ASV_10552,0,0,0,0,0,0,0,7,0,0,0,0,0,0,0,0,0,0,0,0,0,0,0
ASV_10567,0,0,0,0,0,0,0,0,2,0,0,0,2,0,0,0,0,0,0,0,0,0,0
ASV_10569,0,0,0,0,0,0,0,0,0,1,0,0,0,0,0,0,0,0,0,0,0,0,0
ASV_10583,0,0,0,0,0,0,0,3,0,0,0,0,0,0,0,0,0,0,0,0,0,0,0
ASV_10587,0,0,0,0,0,0,0,0,0,1,0,0,0,0,0,0,0,0,0,0,0,0,0
ASV_10595,0,12,0,0,621,0,0,0,0,0,1,0,0,0,0,0,0,0,0,0,0,0,0
ASV_10618,0,0,0,0,0,0,0,0,0,4,0,2,0,0,0,0,0,0,0,0,0,0,0
ASV_10630,14,0,8,0,16,0,0,0,0,0,0,0,0,0,0,0,0,0,0,0,0,0,0
ASV_10637,0,0,0,0,0,24,6,27,0,0,0,0,0,0,0,0,0,0,0,0,0,0,0
ASV_10642,0,0,0,0,0,0,0,0,0,0,0,0,0,0,0,0,1,0,0,0,0,0,0
ASV_10669,0,0,0,0,0,0,0,0,3,0,0,0,3,0,0,0,0,0,0,0,0,0,0
ASV_10714,0,0,0,0,0,0,0,0,0,0,0,0,0,0,0,0,0,0,1,0,0,0,0
ASV_10733,0,0,0,0,0,9,2,0,0,2,2,2,0,0,0,0,0,0,0,0,0,0,0
ASV_10742,16,3,3,7,4,0,0,0,3,4,4,0,2,0,1,0,0,0,0,0,0,0,0
ASV_10749,0,0,0,0,0,1,5,11,0,0,0,0,0,0,0,0,0,0,0,0,0,0,0
ASV_10770,0,0,0,0,0,0,0,1,29,16,38,26,18,0,4,7,1,0,0,0,0,0,0
ASV_10782,0,0,0,0,0,0,1,2,0,7,9,3,6,0,0,0,0,0,0,0,0,0,0
ASV_10811,0,0,0,0,0,0,0,0,0,0,0,0,0,0,0,0,0,0,0,0,0,0,1
ASV_10815,1,4,2,0,3,0,0,0,2,0,2,2,0,0,0,0,0,0,0,0,0,0,0
ASV_10819,0,4,0,0,0,0,0,0,0,0,0,0,0,0,0,0,0,0,0,0,0,0,0
ASV_10849,0,0,0,0,0,3,6,0,0,0,0,0,0,0,0,0,0,0,0,0,0,0,0
ASV_10857,64,10,0,0,0,0,0,0,0,0,0,0,0,0,0,0,0,0,0,0,0,0,0
ASV_10858,49,58,34,58,36,0,0,0,0,0,0,0,0,0,0,0,0,0,0,0,0,0,0
ASV_10871,0,0,0,0,0,0,0,6,0,0,0,0,0,0,0,0,0,0,0,0,0,0,0
ASV_10881,0,0,0,0,0,0,0,0,2,0,0,1,6,0,0,0,0,0,0,0,0,0,0
ASV_10895,0,0,0,0,0,1,0,0,0,0,0,0,0,0,0,0,0,0,0,0,0,0,0
ASV_10923,0,0,0,0,0,15,14,40,0,0,0,0,0,0,0,0,0,0,0,0,0,0,0
ASV_10946,0,0,0,0,0,0,0,7,0,0,0,2,0,0,0,0,0,0,0,0,0,0,0
ASV_10995,0,0,0,1,0,0,0,0,0,0,0,0,0,0,4,0,0,0,0,0,0,0,0
ASV_11022,0,0,0,0,0,0,1,0,0,0,0,0,0,0,0,0,0,0,0,0,0,0,0
ASV_11042,0,0,0,0,0,6,21,6,0,0,0,0,0,0,0,0,0,0,0,0,0,0,0
ASV_11057,0,0,0,0,0,0,0,5,0,0,0,0,0,0,0,0,0,0,0,0,0,0,0
ASV_11083,0,0,0,0,0,0,0,0,0,0,0,0,0,0,0,0,0,0,0,571,8,4,2
ASV_11125,0,0,0,0,0,0,0,0,1,3,3,2,7,0,0,0,0,0,0,0,0,0,0
ASV_11137,0,0,0,0,0,0,0,0,114,76,136,131,123,0,0,0,0,0,0,0,0,0,0
ASV_11146,0,0,0,0,0,0,0,0,0,0,0,0,0,3,22,0,432,122,0,0,0,0,0
ASV_11171,0,0,0,0,0,0,0,0,0,0,1,0,0,0,0,0,0,0,0,0,0,0,0
ASV_11173,0,3,0,0,0,309,30,17,0,0,0,0,0,0,0,0,0,0,0,0,0,0,0
ASV_11180,0,0,0,0,0,0,0,0,0,0,0,0,0,0,1,0,0,0,0,0,0,0,0
ASV_11204,0,0,0,0,0,0,0,0,0,0,0,0,0,0,0,0,0,0,0,0,0,1,0
ASV_11220,1,2,0,2,0,0,4,0,0,0,0,0,0,0,0,0,0,0,0,0,0,0,0
ASV_11243,0,7,0,0,0,564,0,0,0,0,0,0,0,0,0,0,0,0,0,0,0,0,0
ASV_11301,0,0,0,0,0,0,0,0,0,0,0,0,0,0,0,0,0,0,28,34,66,305,134
ASV_11334,0,0,0,0,0,0,0,0,15,0,11,2,2,0,0,0,0,0,0,0,0,0,0
ASV_11358,11,2,0,0,2,0,0,0,0,0,0,0,0,0,0,0,0,1,0,0,0,0,0
ASV_11364,0,0,0,0,0,0,0,0,118,69,116,40,139,8,12,8,3,4,0,0,0,0,0
ASV_11383,0,0,0,0,0,0,0,0,0,0,0,0,0,0,66,0,324,168,0,0,0,0,0
ASV_11409,0,0,0,0,0,0,0,0,0,2,0,0,0,0,0,0,0,0,0,0,0,0,0
ASV_11417,0,0,0,0,0,0,0,0,0,13,0,0,525,2,5,0,6,4,0,0,1,0,0
ASV_11446,0,0,0,0,0,0,0,0,154,71,127,78,95,11,8,6,0,0,0,0,0,0,0
ASV_11453,16,0,0,0,0,0,0,0,0,0,4,0,5,0,0,0,0,0,0,0,0,0,0
ASV_11471,1,0,0,0,0,0,0,0,0,0,0,0,0,0,0,0,0,0,0,0,0,0,0
ASV_11476,0,0,0,0,0,2,0,1,0,0,0,0,0,0,0,0,0,0,0,0,0,0,0
ASV_11484,0,0,0,0,0,0,0,0,53,41,23,14,49,79,29,2,41,67,0,0,0,0,0
ASV_11504,0,0,0,0,0,4,4,0,0,0,0,0,0,0,0,0,0,0,0,0,0,0,0
ASV_11511,0,0,0,0,0,0,0,0,0,0,0,0,0,0,0,0,0,1,0,0,0,0,0
ASV_11518,0,0,0,0,0,0,0,2,0,0,0,0,0,0,0,0,0,0,0,0,0,0,0
ASV_11521,0,0,0,0,0,0,0,0,0,0,0,0,0,2,0,0,0,0,0,0,0,0,0
ASV_11540,0,0,0,0,0,0,0,0,0,3,0,0,0,0,0,0,0,0,0,0,0,0,0
ASV_11549,4,0,8,0,0,0,0,0,0,0,0,0,2,0,0,0,0,0,0,0,0,0,0
ASV_11587,0,0,0,0,0,0,16,0,1,9,7,12,3,0,0,0,0,0,0,0,0,0,0
ASV_11631,0,0,0,0,0,0,0,0,538,1,0,0,0,0,0,0,0,0,0,0,0,0,0
ASV_11698,0,0,0,0,0,0,0,0,1,2,0,2,0,7,0,5,5,6,10,5,435,26,22
ASV_11699,0,0,0,0,0,0,0,0,0,0,3,0,0,0,0,0,0,0,0,0,0,0,0
ASV_11703,0,0,0,0,0,0,0,0,37,24,30,34,40,0,0,0,0,0,0,0,0,0,0
ASV_11705,0,0,0,0,0,0,0,0,4,4,0,0,5,0,0,0,0,0,0,0,0,0,0
ASV_11707,0,0,4,0,0,0,0,0,0,0,0,0,0,0,0,0,0,0,0,0,0,0,0
ASV_11762,0,0,0,0,0,13,2,6,0,0,0,0,0,0,0,0,0,0,0,0,0,0,0
ASV_11788,0,0,0,0,0,4,9,11,0,0,0,0,0,0,0,0,0,0,0,0,0,0,0
ASV_11793,0,6,0,0,0,0,0,80,0,0,0,0,0,0,0,0,0,0,0,0,0,0,0
ASV_11796,0,0,0,0,0,0,0,0,0,0,0,0,1,14,0,1,12,0,0,0,0,0,0
ASV_11819,0,0,0,0,0,0,0,13,0,0,0,0,0,0,0,0,0,0,0,0,0,0,0
ASV_11862,0,0,0,0,0,14,4,11,0,0,0,0,0,0,0,0,0,0,0,0,0,0,0
ASV_11905,0,0,0,0,0,0,0,0,24,5,5,11,22,0,0,0,0,0,0,0,0,0,0
ASV_11907,0,0,0,0,0,0,0,0,0,0,0,0,3,0,0,0,0,0,0,0,0,0,0
ASV_11913,0,0,0,0,0,0,0,0,11,0,0,0,2,0,0,0,0,0,0,0,0,0,0
ASV_11917,0,0,0,0,0,0,0,0,1,0,2,0,0,0,0,1,0,3,0,0,0,0,0
ASV_11923,0,0,0,0,0,37,0,54,0,0,0,0,0,0,0,0,0,0,0,0,0,0,0
ASV_11925,0,0,0,0,0,0,0,1,0,0,1,0,0,0,0,0,0,0,0,0,0,0,0
ASV_11944,0,0,0,0,0,3,0,2,0,0,0,0,0,0,0,0,0,0,0,0,0,0,0
ASV_11955,0,0,0,0,1,0,0,0,0,0,0,0,0,72,69,62,69,6,0,0,0,0,0
ASV_11961,0,0,0,0,0,0,0,0,4,2,1,0,3,0,0,0,0,0,0,0,0,0,0
ASV_11976,0,0,0,0,0,0,3,2,15,22,10,15,21,0,2,0,1,0,0,0,0,0,0
ASV_11983,33,5,18,17,56,0,0,0,0,0,0,0,0,106,46,71,131,19,0,0,0,0,0
ASV_12000,64,7,4,18,0,0,0,0,0,0,0,0,0,0,0,0,0,0,0,0,0,0,0
ASV_12006,0,0,0,0,0,0,1,0,21,11,8,7,20,0,0,0,0,0,0,0,0,0,0
ASV_12010,0,1,0,0,0,0,172,0,0,0,0,0,0,0,0,0,0,0,0,0,0,0,0
ASV_12041,0,0,0,0,0,0,0,0,5,3,4,5,9,0,0,0,0,0,0,0,0,0,0
ASV_12047,0,0,0,0,0,0,0,0,5,2,1,4,0,0,0,0,0,0,0,0,0,0,0
ASV_12051,54,50,123,78,67,0,0,0,0,0,1,0,0,0,0,0,0,0,0,0,0,0,0
ASV_12057,0,0,0,0,0,238,4,53,0,0,0,0,0,0,0,0,0,6,0,0,0,0,0
ASV_12058,0,0,0,2,0,0,0,0,0,0,0,0,0,0,0,2,0,2,0,0,0,0,0
ASV_12138,0,0,0,0,0,0,10,63,0,0,0,0,0,0,0,0,0,0,0,0,0,0,0
ASV_12150,0,0,0,0,0,0,0,0,11,1,2,0,6,0,0,0,0,0,0,0,0,0,0
ASV_12151,0,0,0,0,0,0,0,2,0,0,0,0,0,0,0,0,0,0,0,0,0,0,0
ASV_12157,0,0,0,0,0,0,0,0,73,0,122,0,301,0,0,0,0,0,0,0,1,0,0
ASV_12189,0,0,0,0,0,0,0,0,235,29,27,4,201,0,0,0,0,0,0,0,0,0,0
ASV_12206,0,0,0,0,5,0,0,0,0,0,0,0,0,0,0,0,0,0,0,0,0,0,0
ASV_12214,0,0,0,0,0,0,5,3,2,0,0,0,0,0,0,0,0,0,0,0,0,0,0
ASV_12230,0,0,0,0,0,0,0,3,0,0,0,0,0,0,0,0,0,0,0,0,0,0,0
ASV_12256,0,0,0,0,0,0,0,1,0,1,0,0,0,0,0,0,0,0,0,0,0,0,0
ASV_12258,2,0,0,0,0,0,0,0,0,0,0,0,0,0,0,0,0,0,0,0,0,0,0
ASV_12274,0,481,2,0,0,0,0,0,0,0,0,0,0,0,0,1,0,0,0,0,0,0,0
ASV_12372,2,1,0,0,0,0,0,469,0,0,0,0,0,2,0,0,0,0,0,0,0,0,0
ASV_12382,0,1,0,0,0,0,0,0,0,10,0,0,0,0,0,0,0,0,0,0,0,0,0
ASV_12411,0,0,0,0,0,0,0,0,0,0,0,0,0,0,0,0,0,0,67,32,41,270,72
ASV_12422,0,0,0,0,0,0,3,2,0,0,0,0,0,0,0,0,0,0,0,0,0,0,0
ASV_12429,0,0,0,0,0,47,33,10,0,0,0,0,0,0,0,0,0,0,0,0,0,0,0
ASV_12443,0,0,0,0,0,0,0,0,0,0,0,1,0,0,0,0,0,0,86,103,101,93,95
ASV_12472,0,0,0,0,0,0,0,0,0,0,0,0,0,0,1,0,6,0,0,0,0,0,0
ASV_12482,0,0,0,0,0,32,16,24,0,0,2,2,2,6,0,0,17,0,0,0,0,0,0
ASV_12504,0,0,0,0,1,2,0,0,6,0,2,1,0,3,1,2,15,6,13,18,16,330,19
ASV_12578,0,0,0,0,0,0,0,0,4,4,0,4,5,0,0,0,0,0,0,0,0,0,0
ASV_12584,0,0,0,0,4,0,0,0,0,2,0,0,4,0,0,0,0,0,0,0,0,0,0
ASV_12618,0,0,0,0,0,0,0,0,0,0,4,0,0,1,4,3,2,0,0,0,0,0,0
ASV_12636,0,0,0,0,0,0,0,0,0,0,0,0,0,0,5,1,16,0,0,0,0,0,0
ASV_12637,0,0,0,0,0,0,0,0,46,36,95,17,95,2,0,0,10,2,0,0,0,0,0
ASV_12659,0,0,0,0,0,0,0,0,7,0,0,35,0,0,0,0,0,0,0,0,0,0,0
ASV_12672,0,0,0,0,0,0,0,0,420,10,4,0,32,0,0,0,0,0,0,0,0,0,0
ASV_12673,0,0,0,0,0,0,0,0,74,29,34,7,37,0,0,0,0,0,0,0,0,0,0
ASV_12675,0,0,0,0,0,0,0,0,0,0,0,0,0,0,0,0,0,0,0,0,0,0,467
ASV_12678,0,0,0,0,0,0,25,0,100,12,78,24,58,0,0,0,0,0,0,0,0,0,0
ASV_12681,0,0,0,0,0,0,0,0,0,0,0,0,0,0,0,0,0,0,0,0,467,0,0
ASV_12762,0,0,0,0,0,0,19,0,0,0,0,0,0,0,0,0,0,0,0,0,0,0,0
ASV_12787,0,0,0,0,0,0,6,3,64,56,29,42,73,0,9,0,0,8,0,0,0,0,0
ASV_12813,0,0,0,0,0,0,0,1,0,0,0,0,0,0,0,0,0,0,0,0,0,0,0
ASV_12843,0,0,0,0,0,0,0,0,0,0,0,0,0,0,21,207,226,0,0,0,3,0,0
ASV_12850,1,1,0,0,0,0,0,0,1,0,0,0,0,0,0,0,0,0,0,0,0,0,0
ASV_12856,0,0,0,0,0,0,0,0,0,2,0,2,0,0,0,0,0,0,0,0,0,0,0
ASV_12865,2,0,0,0,0,0,0,0,0,0,0,0,0,0,0,0,0,0,0,0,0,0,0
ASV_12876,0,0,0,0,0,1,2,0,0,0,0,0,0,0,0,0,0,0,0,0,0,0,0
ASV_12906,0,0,0,0,0,0,0,0,0,0,0,0,0,133,0,0,219,101,0,0,0,0,0
ASV_12916,19,5,13,15,2,0,0,0,0,0,0,0,0,0,0,0,0,1,0,0,0,0,0
ASV_12936,0,0,0,0,0,0,0,0,0,0,0,0,1,295,2,0,147,6,0,0,0,0,0
ASV_12954,0,0,0,0,0,3,6,2,0,0,0,0,0,0,0,0,0,0,0,0,0,0,0
ASV_12955,1,0,0,0,0,0,0,0,0,0,0,0,0,0,0,0,0,0,0,0,0,0,0
ASV_12981,0,0,0,0,0,1,1,0,2,0,0,0,0,0,0,0,0,0,0,0,0,0,0
ASV_13002,0,0,0,0,0,0,0,0,0,0,0,0,0,0,0,0,0,0,81,101,87,74,103
ASV_13010,9,11,5,66,3,0,0,0,0,0,0,0,0,0,0,0,0,0,0,0,0,0,0
ASV_13011,0,0,0,0,0,1,0,3,0,0,0,0,0,0,0,0,0,0,0,0,0,0,0
ASV_13014,0,0,0,0,0,0,0,0,119,119,69,48,92,0,0,0,0,0,0,0,0,0,0
ASV_13019,0,0,0,0,0,0,0,0,6,0,9,2,11,1,0,0,0,0,0,0,0,0,0
ASV_13040,0,0,0,0,0,0,0,0,0,0,0,0,0,0,1,0,0,0,0,0,0,0,0
ASV_13044,0,0,0,1,0,186,0,32,0,0,0,0,0,0,0,0,0,0,0,0,0,0,0
ASV_13057,0,0,0,0,0,0,0,6,15,5,14,7,7,0,1,0,0,6,0,0,0,0,0
ASV_13058,0,2,0,0,0,16,0,50,0,0,0,0,0,0,0,0,0,0,0,0,0,0,0
ASV_13063,0,0,0,0,0,0,5,0,0,0,0,0,0,0,0,0,0,0,0,0,0,0,0
ASV_13075,0,4,0,0,0,0,0,0,7,1,6,0,8,8,9,6,9,0,0,0,0,0,0
ASV_13078,0,0,0,0,0,0,0,0,2,0,0,3,0,0,0,0,0,0,0,0,0,0,0
ASV_13086,0,0,0,0,0,1,4,6,0,0,0,0,0,0,0,0,0,0,0,0,0,0,0
ASV_13087,13,5,2,3,9,0,0,0,0,0,0,0,0,0,0,5,0,0,0,0,0,0,0
ASV_13123,0,0,0,0,0,0,0,0,0,0,0,0,0,16,7,12,61,5,0,0,0,0,0
ASV_13137,0,0,0,0,0,11,2,5,0,0,0,0,0,0,0,0,0,0,0,0,0,0,0
ASV_13151,0,0,0,0,0,0,0,0,0,0,0,0,0,0,0,0,0,1,0,0,0,0,0
ASV_13179,0,0,0,0,0,0,0,0,0,0,0,0,0,232,35,124,21,22,0,0,0,0,0
ASV_13280,0,0,0,0,0,0,0,0,69,13,87,117,123,0,0,5,4,3,0,0,0,0,0
ASV_13286,0,0,1,6,0,1,6,0,0,0,0,0,0,0,0,0,0,0,0,0,0,0,0
ASV_13288,0,0,0,0,0,0,0,0,0,0,0,11,7,0,0,0,0,0,0,0,0,0,0
ASV_13299,0,0,0,0,1,0,0,0,0,0,0,0,0,0,0,0,0,0,0,0,0,0,0
ASV_13369,0,0,0,0,0,0,22,0,0,0,0,0,0,0,0,0,0,0,0,0,0,0,0
ASV_13395,0,0,0,0,0,0,0,0,0,0,0,0,0,0,0,0,0,5,0,0,0,0,0
ASV_13431,0,0,0,0,0,0,0,0,9,8,9,0,8,0,0,0,0,0,0,0,0,0,0
ASV_13490,0,0,0,0,0,0,0,0,8,0,0,0,0,0,0,0,0,0,0,0,0,0,0
ASV_13492,0,29,0,7,4,0,0,0,0,0,0,0,0,0,0,0,0,0,0,0,0,0,0
ASV_13493,0,0,0,0,0,0,0,0,100,76,86,43,109,0,0,0,3,0,0,0,1,0,0
ASV_13524,1,0,0,0,0,0,0,0,0,0,0,0,0,0,0,0,0,0,0,0,0,0,0
ASV_13641,0,0,0,0,0,0,0,3,0,0,0,0,0,0,0,0,0,0,0,0,0,0,0
ASV_13650,14,3,3,1,27,0,0,0,0,0,0,0,0,0,0,0,0,0,0,0,0,0,0
ASV_13652,0,0,0,0,0,30,15,20,0,0,0,0,0,0,0,0,0,0,0,0,0,0,0
ASV_13657,0,0,0,0,0,0,0,0,1,0,0,4,4,8,2,4,3,6,59,76,43,80,38
ASV_13670,4,0,0,0,0,14,0,0,0,0,0,0,0,0,0,0,0,0,0,0,0,0,0
ASV_13684,0,0,0,0,0,0,0,0,2,0,0,0,0,0,0,0,0,0,0,0,0,0,0
ASV_13686,0,0,0,0,0,0,0,0,1,1,0,0,0,5,54,11,185,151,0,0,0,0,0
ASV_13692,0,0,0,0,0,0,0,0,0,0,1,0,0,0,0,0,0,0,0,0,0,0,0
ASV_13707,0,0,0,0,0,0,0,0,5,1,6,0,9,0,0,0,0,0,0,0,0,0,0
ASV_13709,0,0,0,0,0,0,0,0,0,0,0,0,0,24,73,16,9,24,0,0,0,0,0
ASV_13733,0,0,0,0,0,0,0,0,6,0,3,5,6,0,0,0,0,0,0,0,0,0,0
ASV_13761,0,0,0,0,0,6,24,33,0,0,0,0,0,0,0,0,0,0,0,0,0,0,0
ASV_13766,19,6,13,0,1,0,0,0,0,0,0,0,0,0,0,0,0,0,0,0,0,0,0
ASV_13824,0,0,0,0,0,0,0,0,0,0,0,0,0,6,38,33,57,39,0,0,0,0,0
ASV_13835,0,3,0,0,0,12,293,92,0,0,0,0,0,0,0,0,0,0,0,0,0,0,0
ASV_13849,0,0,0,0,0,3,19,2,0,0,0,0,0,0,0,0,0,0,0,0,0,0,0
ASV_13867,0,0,0,0,0,0,0,0,15,10,13,9,8,5,3,1,0,4,0,0,0,0,0
ASV_13897,0,0,0,0,0,0,3,1,0,0,0,0,0,0,0,0,0,0,0,0,0,0,0
ASV_13898,0,0,0,0,0,0,0,0,21,21,24,28,28,0,1,0,0,0,0,0,0,0,0
ASV_13914,0,0,0,0,0,0,0,0,0,0,0,0,0,36,5,0,351,3,0,0,0,0,0
ASV_13917,0,0,0,0,0,0,0,0,67,60,64,126,77,0,0,0,0,0,0,0,0,0,0
ASV_13929,0,0,0,1,2,0,1,8,0,1,0,0,1,0,0,0,0,0,0,0,0,0,0
ASV_13957,1,0,0,0,0,3,0,0,0,0,0,0,0,0,0,0,0,0,0,0,0,0,0
ASV_13997,0,0,0,0,0,0,0,0,43,53,60,25,47,0,0,0,0,0,0,0,0,0,0
ASV_14018,0,6,0,381,2,0,0,0,0,0,0,0,0,0,0,0,0,0,0,0,0,0,0
ASV_14047,0,0,0,0,0,1,1,3,0,0,0,0,0,0,0,0,0,0,0,0,0,0,0
ASV_14071,0,0,0,0,0,5,0,0,0,0,0,0,0,0,0,0,0,0,0,0,0,0,0
ASV_14072,0,0,0,0,0,9,0,4,0,0,0,0,0,0,0,0,0,0,0,0,0,0,0
ASV_14083,0,0,0,0,0,0,0,0,0,385,0,0,0,0,0,0,0,0,0,0,0,0,0
ASV_14105,0,0,0,0,0,38,45,35,0,0,0,0,0,0,0,0,0,0,0,0,0,0,0
ASV_14108,0,0,0,0,0,0,183,48,0,0,0,0,0,0,0,0,0,0,0,0,0,0,0
ASV_14118,2,4,7,14,3,0,0,0,0,0,0,0,0,0,0,0,0,0,0,0,0,0,0
ASV_14135,10,0,0,2,0,0,0,0,0,0,0,0,0,0,0,0,0,0,0,0,0,0,0
ASV_14183,0,0,0,0,0,1,4,1,0,0,0,0,0,0,0,0,0,0,0,0,0,0,0
ASV_14196,0,0,0,0,0,0,0,0,0,4,0,0,1,0,0,0,0,1,0,0,0,0,0
ASV_14203,0,0,0,0,0,9,2,3,0,0,0,0,0,0,0,0,0,0,0,0,0,0,0
ASV_14239,0,0,0,0,0,25,2,21,0,0,0,1,0,0,0,0,0,0,0,0,0,0,0
ASV_14291,0,2,0,0,0,151,0,0,0,0,0,0,0,0,0,0,0,0,0,0,0,0,0
ASV_14324,0,0,0,0,0,0,0,0,10,7,10,8,11,0,0,0,0,1,0,0,0,0,0
ASV_14346,0,0,0,0,0,0,11,0,0,0,0,0,0,0,0,0,0,0,0,0,0,0,0
ASV_14347,0,0,0,0,0,0,0,0,0,0,0,0,0,3,0,2,367,1,0,0,0,0,0
ASV_14363,0,0,0,0,0,0,0,0,107,59,62,63,67,0,0,0,0,0,0,0,0,0,0
ASV_14365,0,0,0,0,0,0,0,0,5,0,0,0,0,0,0,0,0,0,0,0,0,0,0
ASV_14455,0,0,0,0,0,0,0,0,0,0,2,0,2,0,0,0,0,0,0,0,0,0,0
ASV_14476,0,0,0,0,0,0,0,0,1,1,4,2,4,0,0,0,0,0,0,0,0,0,0
ASV_14484,39,48,98,64,56,0,0,0,0,0,0,0,0,0,0,0,0,0,0,0,0,0,0
ASV_14509,0,0,0,0,0,50,0,13,0,0,0,0,0,0,0,0,0,0,0,0,0,0,0
ASV_14512,0,0,0,0,0,1,0,0,0,1,1,0,0,0,0,0,0,0,0,0,0,0,0
ASV_14514,0,0,0,0,0,0,0,0,0,0,0,0,0,0,365,0,0,0,0,0,0,0,0
ASV_14532,0,0,0,0,0,0,1,0,0,0,0,0,0,0,0,0,0,0,0,0,0,0,0
ASV_14555,0,0,0,0,1,15,9,26,0,0,0,0,0,0,0,0,0,0,0,0,0,0,0
ASV_14565,26,64,52,57,69,0,0,0,1,0,0,0,0,0,0,0,0,0,0,0,0,0,0
ASV_14566,44,73,87,111,49,0,0,0,0,0,0,0,0,0,0,0,0,0,0,0,0,0,0
ASV_14572,0,0,0,0,0,0,0,2,0,0,0,0,0,0,0,0,0,0,0,0,0,0,0
ASV_14576,0,0,0,0,0,0,0,0,0,0,0,1,361,0,0,0,0,0,0,0,0,0,0
ASV_14580,0,0,0,0,0,0,0,0,0,0,0,0,0,0,0,0,0,0,0,0,0,0,1
ASV_14588,0,0,0,0,0,0,0,0,0,0,0,0,0,35,138,84,0,106,0,0,0,0,0
ASV_14618,0,0,0,7,0,0,0,0,0,0,0,0,0,0,0,0,0,0,0,0,0,0,0
ASV_14664,0,0,0,0,0,0,0,0,0,0,0,0,0,0,0,0,0,0,1,0,0,0,0
ASV_14667,0,0,0,0,0,0,0,3,0,0,0,0,0,0,0,0,0,0,0,0,0,0,0
ASV_14689,0,0,0,0,0,0,0,0,1,15,12,1,4,8,0,5,2,0,0,0,0,0,0
ASV_14698,0,0,0,0,0,0,6,0,0,0,0,0,0,0,0,0,0,0,0,0,0,0,0
ASV_14706,0,0,0,0,0,0,0,0,0,0,2,0,0,0,5,0,2,6,10,14,281,17,7
ASV_14727,0,0,0,0,0,0,0,0,0,0,0,0,0,0,0,1,0,0,0,0,0,0,0
ASV_14744,0,0,0,0,0,0,7,12,0,0,0,0,0,0,0,0,0,0,0,0,0,0,0
ASV_14768,0,0,0,0,0,0,0,0,0,0,0,0,0,1,0,0,0,0,0,0,0,0,0
ASV_14770,0,0,0,0,0,0,0,0,14,4,13,10,4,0,0,0,0,0,0,0,0,0,0
ASV_14791,0,0,0,0,0,0,8,0,1,7,7,11,2,3,0,0,3,0,0,0,0,0,0
ASV_14813,0,0,0,0,0,0,0,0,0,0,0,0,0,0,0,0,0,0,21,278,16,13,24
ASV_14823,0,0,0,0,0,0,0,0,0,0,0,0,0,0,0,0,0,1,0,0,0,0,0
ASV_14874,48,52,84,108,56,0,0,0,0,0,0,0,0,0,0,0,0,0,0,0,0,0,0
ASV_14881,0,0,0,0,0,0,0,0,0,0,0,0,0,42,0,0,0,0,0,0,0,0,0
ASV_14894,0,0,0,0,0,25,26,21,0,0,0,0,0,0,0,0,0,0,0,0,0,0,0
ASV_14918,48,71,70,105,52,1,0,0,0,0,0,0,0,0,0,0,0,0,0,0,0,0,0
ASV_14949,0,0,0,0,0,1,3,14,57,18,16,24,21,0,0,0,0,0,0,0,0,0,0
ASV_14965,0,0,0,0,0,0,0,0,0,0,0,0,0,0,0,1,0,0,0,0,0,0,0
ASV_14976,0,0,0,0,0,204,0,0,0,0,0,0,0,0,0,0,0,0,0,0,0,0,0
ASV_15004,0,0,0,0,0,0,0,0,110,66,61,57,46,0,0,0,0,1,0,0,0,0,0
ASV_15050,0,3,0,0,0,42,31,24,0,0,0,0,0,0,0,0,0,0,0,0,0,0,0
ASV_15065,0,0,0,0,0,0,2,9,0,0,0,0,0,0,0,0,0,0,0,0,0,0,0
ASV_15072,58,76,67,69,70,0,0,0,0,0,0,0,0,0,0,0,0,0,0,0,0,0,1
ASV_15073,0,0,0,0,0,0,0,0,72,93,42,41,92,0,0,0,0,0,0,0,0,0,0
ASV_15122,18,47,37,46,56,0,0,0,0,0,0,0,0,0,0,0,0,0,0,0,0,0,0
ASV_15163,0,0,0,0,0,0,0,0,4,0,0,0,2,0,0,0,0,0,0,0,0,0,0
ASV_15183,0,0,0,0,0,0,0,0,0,0,0,0,0,0,16,0,0,0,0,0,0,0,0
ASV_15187,0,0,0,0,0,14,0,14,0,0,0,0,0,0,0,0,0,0,0,0,0,0,0
ASV_15196,0,0,0,0,0,0,0,0,81,98,37,40,39,10,12,9,0,8,0,0,0,0,0
ASV_15219,0,0,0,0,0,0,0,0,0,0,2,1,0,0,0,0,0,0,0,0,0,0,0
ASV_15231,0,0,0,0,0,65,27,31,0,0,0,0,0,1,0,0,0,0,0,0,0,0,0
ASV_15236,0,0,0,0,0,0,0,0,0,0,0,0,0,0,0,2,0,0,0,0,0,0,0
ASV_15247,0,0,0,0,0,1,1,138,24,16,24,12,15,0,3,0,0,0,0,0,0,0,0
ASV_15253,0,0,0,0,0,0,0,0,0,0,0,0,0,3,32,11,164,121,0,0,1,0,0
ASV_15316,0,1,0,0,0,22,16,11,0,0,0,0,0,0,0,0,0,0,0,0,0,0,0
ASV_15344,0,0,0,0,0,0,0,0,3,4,0,6,1,0,0,0,0,0,0,0,0,0,0
ASV_15379,0,0,0,0,0,13,0,0,0,0,0,0,0,0,0,0,0,0,0,0,0,0,0
ASV_15390,0,0,0,0,0,0,0,0,0,0,0,4,0,0,0,0,0,0,0,0,0,0,0
ASV_15400,0,0,0,0,0,0,1,0,0,0,0,0,0,0,0,0,0,0,0,0,0,0,0
ASV_15413,0,0,0,0,0,0,0,0,0,0,0,0,1,0,0,0,0,0,1,0,0,0,0
ASV_15449,0,0,0,0,0,4,7,6,0,0,0,0,0,0,0,0,0,0,0,0,0,0,0
ASV_15552,0,0,0,0,0,0,0,0,13,12,11,14,15,0,0,0,0,0,0,0,0,0,0
ASV_15577,0,0,0,0,0,0,0,0,3,0,0,0,1,91,125,49,26,26,0,0,0,0,0
ASV_15602,149,33,11,14,62,0,0,0,0,0,0,0,0,0,0,0,0,0,0,0,0,0,0
ASV_15682,0,2,0,0,0,0,46,3,0,0,0,0,0,0,0,0,0,0,0,0,0,0,0
ASV_15685,0,0,0,0,0,0,59,0,0,0,0,0,0,0,0,0,0,0,0,0,0,0,0
ASV_15823,0,0,0,0,0,0,0,0,69,63,73,56,51,0,0,0,0,0,0,0,0,0,0
ASV_15853,0,0,0,0,0,1,0,0,0,0,0,0,0,0,0,0,0,0,0,0,0,0,0
ASV_15872,0,0,0,0,0,0,0,0,6,2,10,1,2,0,0,0,0,0,0,0,0,0,0
ASV_15898,0,0,0,0,0,0,0,0,3,0,3,10,4,0,4,0,0,0,0,0,0,0,0
ASV_15899,72,66,77,64,31,0,0,0,0,0,0,0,0,0,0,0,0,0,0,0,0,0,0
ASV_15904,0,1,1,0,0,0,4,5,24,36,24,70,31,0,0,0,0,0,0,0,0,0,0
ASV_15924,0,0,0,0,0,0,0,4,0,0,0,0,0,0,0,0,0,0,0,0,0,0,0
ASV_15929,0,0,0,0,1,3,0,2,27,15,7,3,15,0,0,0,0,0,0,0,0,0,0
ASV_15938,0,0,0,0,0,2,0,6,0,0,0,0,0,0,0,0,0,0,0,0,0,0,0
ASV_15954,0,0,0,0,0,0,0,0,39,7,13,17,19,1,0,3,0,0,0,0,0,0,0
ASV_15956,0,2,0,0,0,0,0,0,0,0,0,0,0,0,0,0,0,0,0,0,0,0,0
ASV_15962,0,3,301,0,2,0,0,0,0,0,0,0,0,0,0,0,1,0,0,0,0,0,0
ASV_15984,0,0,0,0,0,0,0,5,4,2,15,2,3,0,0,0,0,0,0,0,0,0,0
ASV_16032,18,42,116,56,73,0,0,0,0,0,0,0,0,0,0,0,0,0,0,0,0,0,0
ASV_16053,0,0,0,0,0,48,0,0,0,0,0,0,0,0,0,0,0,0,0,0,0,0,0
ASV_16058,0,0,0,0,0,0,0,0,0,0,0,0,0,0,0,0,3,0,0,0,0,0,0
ASV_16072,0,0,0,0,0,0,0,1,0,0,0,1,0,0,1,0,0,0,76,60,43,54,67
ASV_16100,0,0,0,0,0,3,0,5,0,0,0,0,0,0,0,0,0,0,0,0,0,0,0
ASV_16118,0,0,0,0,0,0,0,0,0,0,1,0,0,0,0,0,0,0,0,0,0,0,0
ASV_16151,0,0,0,0,0,0,0,0,0,1,3,0,0,0,0,0,0,0,0,0,0,0,0
ASV_16161,44,36,100,63,56,0,0,0,0,0,0,0,0,0,0,0,0,0,0,0,0,0,0
ASV_16162,0,0,0,0,0,2,0,0,0,0,0,0,0,0,0,0,0,0,0,0,0,0,0
ASV_16188,43,72,66,60,57,1,0,0,0,0,0,0,0,0,0,0,0,0,0,0,0,0,0
ASV_16251,0,0,0,0,0,0,0,0,0,0,0,5,1,0,0,0,0,0,0,0,0,0,0
ASV_16262,0,0,0,0,0,0,0,8,0,0,0,0,0,0,0,0,0,0,0,0,0,0,0
ASV_16263,0,1,0,0,0,0,181,0,0,0,0,0,0,0,0,0,0,0,0,0,0,0,0
ASV_16285,0,0,0,0,0,3,0,5,0,0,0,0,0,0,0,0,0,0,0,0,0,0,0
ASV_16320,0,0,0,0,0,0,0,0,30,11,9,16,12,0,0,0,0,0,0,0,0,0,0
ASV_16329,35,43,43,84,89,0,0,0,0,0,0,0,0,0,0,0,0,0,0,0,0,0,0
ASV_16371,0,0,0,5,0,0,0,0,0,0,0,0,0,0,0,0,0,0,0,0,0,0,0
ASV_16391,0,0,0,0,0,0,0,0,0,0,0,0,0,0,291,1,0,0,0,0,0,0,0
ASV_16402,0,0,0,0,0,0,0,0,0,0,0,0,1,0,0,0,0,0,0,0,0,0,0
ASV_16427,0,0,0,0,0,0,0,0,0,0,0,0,0,59,42,56,79,53,0,0,1,0,0
ASV_16442,0,0,0,0,0,1,0,0,0,0,0,0,0,0,0,0,0,0,0,0,0,0,0
ASV_16462,0,0,0,0,0,7,15,4,0,0,0,0,0,0,0,0,0,0,0,0,0,0,0
ASV_16465,0,0,0,0,2,0,0,0,1,0,0,0,0,0,0,0,0,0,0,0,0,0,0
ASV_16470,0,0,0,0,0,0,0,0,13,0,10,2,10,0,0,0,0,0,0,0,0,0,0
ASV_16477,0,0,0,0,0,0,0,0,0,0,0,0,0,9,17,20,5,12,0,0,0,0,0
ASV_16478,0,0,0,0,0,0,20,0,0,0,0,0,0,0,0,0,0,0,0,0,0,0,0
ASV_16530,0,0,0,0,0,0,0,0,2,0,1,0,0,0,0,0,0,0,0,0,0,0,0
ASV_16562,0,0,0,0,0,0,0,0,1,0,0,0,0,0,0,0,0,0,0,0,0,0,0
ASV_16587,0,0,0,0,0,0,0,0,74,23,78,60,47,0,0,0,0,0,0,0,0,0,0
ASV_16593,0,0,0,1,0,0,0,0,0,0,0,0,0,0,0,0,0,0,0,0,0,0,0
ASV_16634,0,0,0,0,0,0,283,0,0,0,0,0,0,0,0,0,0,0,0,0,0,0,0
ASV_16637,0,0,0,0,0,0,0,0,0,0,0,0,0,0,1,0,0,0,0,0,0,0,0
ASV_16711,0,0,0,0,0,0,0,11,0,0,0,0,0,0,0,0,0,0,0,0,0,0,0
ASV_16772,0,0,0,0,0,0,0,0,0,0,0,0,0,0,0,0,0,0,50,57,51,57,64
ASV_16782,5,2,6,6,1,0,0,0,0,0,0,0,0,0,0,0,0,0,0,0,0,0,0
ASV_16783,18,45,49,73,94,0,0,0,0,0,0,0,0,0,0,0,0,0,0,0,0,0,0
ASV_16820,0,0,0,0,0,0,0,0,0,0,0,0,0,129,10,96,34,9,0,0,0,0,0
ASV_16822,0,0,0,0,0,0,0,0,0,0,0,0,0,0,0,0,2,0,0,0,0,0,0
ASV_16890,0,0,0,0,0,0,0,0,0,0,0,0,0,0,0,9,0,0,1,0,0,0,0
ASV_16908,0,0,0,0,0,0,0,2,0,5,0,0,0,0,0,0,0,0,0,0,0,0,0
ASV_16911,0,0,0,0,0,0,0,0,0,0,0,0,0,0,0,0,0,0,56,62,50,46,61
ASV_16953,0,5,4,2,0,0,0,0,0,0,0,0,0,0,0,0,0,0,0,0,0,0,0
ASV_16974,0,0,0,0,0,1,0,0,0,0,0,0,0,53,57,70,44,46,0,0,0,1,0
ASV_16986,0,0,0,0,0,0,0,4,0,0,0,0,0,0,0,0,0,0,0,0,0,0,0
ASV_17012,46,42,44,86,54,0,0,0,0,0,0,0,0,0,0,0,0,0,0,0,0,0,0
ASV_17014,0,4,0,0,0,0,0,14,0,0,0,0,0,0,0,0,0,0,0,0,0,0,0
ASV_17048,0,4,0,0,0,0,0,0,0,0,0,0,0,0,0,0,0,0,0,0,0,0,0
ASV_17059,0,1,0,0,0,0,0,268,0,0,0,0,0,0,0,0,0,0,0,0,0,1,0
ASV_17068,0,0,0,0,0,0,0,0,0,0,0,0,0,0,1,0,0,0,23,86,66,48,46
ASV_17086,0,0,0,0,0,2,2,8,18,12,14,8,23,0,1,0,2,1,0,0,0,0,0
ASV_17180,0,0,0,0,0,0,0,0,0,0,0,0,0,0,1,1,5,0,0,0,0,0,0
ASV_17204,28,62,52,40,84,0,0,0,0,0,0,0,0,0,0,0,0,0,0,0,0,0,0
ASV_17264,0,0,0,0,0,0,0,0,0,0,0,0,0,4,2,9,20,1,0,0,0,0,0
ASV_17301,0,0,0,0,0,0,0,0,0,1,0,0,0,0,0,0,0,263,0,0,0,0,0
ASV_17338,0,3,0,0,0,0,0,0,8,2,4,14,1,0,0,0,2,0,0,0,0,0,0
ASV_17361,0,0,0,0,2,17,211,0,0,0,0,0,0,0,0,0,0,0,0,0,0,0,0
ASV_17379,0,0,0,0,0,0,0,0,0,0,0,0,0,0,0,0,0,0,43,61,54,40,62
ASV_17391,0,0,213,0,0,0,0,0,0,0,0,0,0,0,0,0,0,0,0,0,0,0,0
ASV_17412,0,0,0,0,0,0,0,0,0,0,0,0,0,0,0,0,0,0,121,12,0,54,74
ASV_17428,0,0,0,0,2,0,0,0,59,49,37,52,48,2,3,3,4,1,0,0,0,0,0
ASV_17436,0,0,0,0,0,0,0,0,0,0,0,0,0,0,189,0,15,56,0,0,0,0,0
ASV_17447,0,0,0,0,0,0,0,0,0,0,0,0,0,1,14,6,6,9,0,0,0,0,0
ASV_17505,48,58,50,55,48,0,0,0,0,0,0,0,0,0,0,0,0,0,0,0,0,0,0
ASV_17506,51,46,48,63,47,0,0,0,0,0,0,0,0,0,0,1,0,0,0,0,0,0,0
ASV_17532,0,0,0,0,0,0,0,0,51,28,20,48,105,1,5,0,0,0,0,0,0,0,0
ASV_17558,0,0,0,0,1,0,0,0,0,0,0,2,0,0,0,0,0,0,37,56,49,54,56
ASV_17561,0,0,0,0,0,0,0,0,0,0,0,0,0,0,1,0,0,0,0,0,0,0,0
ASV_17581,0,0,0,0,0,112,0,0,0,0,0,0,0,1,0,0,0,5,0,0,0,0,0
ASV_17621,0,0,0,0,0,0,0,0,72,46,32,30,67,0,0,0,0,0,0,0,0,0,0
ASV_17625,8,0,1,1,8,0,0,0,0,0,0,0,0,0,0,0,0,0,0,0,0,0,0
ASV_17684,0,0,0,0,0,0,0,0,0,0,0,0,0,0,0,0,234,19,0,0,0,0,0
ASV_17700,0,4,0,0,0,0,249,0,0,0,0,0,0,0,0,0,0,0,0,0,0,0,0
ASV_17737,0,0,0,0,0,3,1,4,2,0,0,0,1,7,12,18,14,9,0,0,0,0,0
ASV_17746,23,57,51,57,62,0,0,0,0,0,0,0,0,0,0,0,0,0,0,0,0,0,0
ASV_17755,64,64,33,67,24,0,0,0,0,0,0,0,0,0,0,0,0,0,0,0,0,0,0
ASV_17831,0,0,0,0,0,0,1,0,0,0,0,0,0,0,0,0,0,0,0,0,0,0,0
ASV_17852,0,0,0,0,0,0,0,0,0,0,0,0,0,30,41,44,81,48,0,0,1,3,0
ASV_17854,42,58,53,60,36,0,0,0,0,0,0,0,0,0,0,0,0,0,0,0,0,0,0
ASV_17863,44,39,90,39,37,0,0,0,0,0,0,0,0,0,0,0,0,0,0,0,0,0,0
ASV_17866,0,0,0,0,0,0,0,0,0,0,0,0,0,18,92,34,65,40,0,0,0,0,0
ASV_17871,0,0,0,0,0,1,1,11,0,0,0,0,0,0,0,0,0,0,0,0,0,0,0
ASV_17887,0,0,0,0,0,0,0,0,77,39,26,43,59,0,0,0,0,0,0,0,0,0,0
ASV_17919,0,0,0,0,0,0,0,0,4,0,115,0,128,0,0,0,0,0,0,0,0,0,0
ASV_17930,0,0,0,0,0,4,0,0,0,0,0,0,0,0,0,0,0,0,0,0,0,0,0
ASV_17931,0,0,0,0,0,0,0,0,0,0,0,0,0,49,53,30,56,53,0,0,2,1,2
ASV_17950,0,0,0,0,0,0,0,0,51,51,47,45,46,0,0,0,0,0,0,0,0,0,0
ASV_17996,0,0,0,0,0,0,0,0,0,0,0,0,0,0,0,0,0,0,4,1,15,11,214
ASV_18001,0,0,0,0,0,0,0,0,0,0,0,0,0,0,11,5,117,110,0,0,0,0,0
ASV_18037,0,0,0,2,0,0,0,0,0,0,0,0,0,0,0,0,0,0,0,0,0,0,0
ASV_18040,0,0,0,0,0,0,0,0,0,0,0,0,0,71,59,5,62,12,0,0,0,0,0
ASV_18092,2,0,0,0,0,0,0,0,0,0,0,0,0,0,1,3,0,0,0,0,0,0,0
ASV_18106,0,0,0,0,0,0,0,0,0,0,0,0,0,0,0,0,0,1,0,0,0,0,0
ASV_18139,1,0,0,0,0,0,0,0,0,0,0,0,0,0,0,0,0,0,32,32,49,74,53
ASV_18157,0,0,0,0,0,0,0,0,0,0,0,0,0,0,0,7,0,2,0,0,0,0,0
ASV_18164,0,0,0,0,0,0,0,0,0,0,0,0,0,3,0,6,4,0,0,0,0,0,0
ASV_18165,0,0,0,0,0,0,0,5,0,3,0,4,7,0,2,0,0,0,0,0,0,0,0
ASV_18183,5,0,7,12,9,0,0,0,0,0,0,0,0,0,0,0,0,0,0,0,0,0,0
ASV_18189,3,0,2,0,1,0,0,0,0,0,0,0,0,0,0,0,0,0,0,0,0,0,0
ASV_18218,0,0,0,0,0,9,42,188,0,0,0,0,0,0,0,0,0,0,0,0,0,0,0
ASV_18263,0,2,0,0,0,6,26,90,0,0,0,0,0,0,0,0,0,0,0,0,0,0,0
ASV_18289,0,0,0,0,0,0,0,2,14,12,18,7,9,0,0,0,0,0,0,0,0,0,0
ASV_18299,0,0,0,1,0,0,0,0,0,0,0,0,0,0,0,0,0,0,0,0,0,0,0
ASV_18352,0,0,0,0,0,0,0,0,0,0,0,0,0,0,0,0,0,0,0,2,0,0,0
ASV_18360,0,0,0,0,0,12,110,8,0,0,0,0,0,0,0,0,2,0,0,0,0,0,0
ASV_18391,0,0,0,0,0,0,0,0,2,0,0,0,0,31,48,45,47,62,0,0,0,0,0
ASV_18400,7,11,4,7,1,0,0,0,0,0,0,0,0,0,0,0,0,0,0,0,0,0,0
ASV_18410,0,0,0,0,0,0,0,0,58,36,74,20,47,0,0,0,0,0,0,0,0,0,0
ASV_18414,27,22,56,55,75,0,0,0,0,0,0,0,0,0,0,0,0,0,0,0,0,0,0
ASV_18426,0,0,0,0,0,0,0,0,0,0,0,0,0,0,9,1,0,0,0,0,0,0,0
ASV_18437,0,0,0,0,0,0,0,0,91,11,12,89,10,5,9,0,4,2,0,0,0,0,0
ASV_18445,50,34,75,41,34,0,0,0,0,0,0,0,0,0,0,0,0,0,0,0,0,0,0
ASV_18469,0,0,0,0,4,0,0,0,0,0,0,0,0,0,0,0,0,0,0,0,0,0,0
ASV_18482,0,0,0,0,0,0,0,0,0,0,0,0,0,9,11,9,11,3,0,0,0,0,0
ASV_18521,41,51,60,43,36,0,0,0,0,0,0,0,0,0,0,0,0,0,0,0,0,0,0
ASV_18534,0,0,0,0,0,0,0,0,0,0,0,0,0,0,0,0,0,0,1,1,1,229,0
ASV_18552,1,0,0,0,0,11,18,23,0,0,0,0,0,1,2,2,0,0,0,0,0,0,0
ASV_18560,0,0,0,0,0,2,0,0,0,0,0,0,0,0,0,0,0,0,0,0,0,0,0
ASV_18575,0,0,0,0,0,0,1,0,226,0,3,0,1,0,0,0,0,0,0,0,0,0,0
ASV_18603,0,0,0,0,0,0,0,0,0,0,0,0,0,3,2,0,0,0,0,0,0,0,0
ASV_18650,0,0,0,0,0,0,6,0,0,0,0,0,0,0,0,0,0,0,0,0,0,0,0
ASV_18672,10,2,2,0,1,0,0,0,0,0,0,0,0,0,0,0,0,0,0,0,0,0,0
ASV_18675,0,0,0,0,0,0,0,8,0,0,0,0,0,0,0,0,0,0,0,0,0,0,0
ASV_18685,22,47,78,35,46,0,0,0,0,0,0,0,0,0,0,0,0,0,0,0,0,0,0
ASV_18698,0,0,0,0,0,5,0,0,0,0,0,0,0,0,0,0,0,0,0,0,0,0,0
ASV_18703,0,0,0,0,0,0,0,0,0,1,0,0,0,0,0,0,0,0,0,0,0,0,0
ASV_18753,0,0,0,0,0,0,0,0,0,0,0,0,0,7,49,11,78,81,0,0,0,0,0
ASV_18761,0,0,0,0,0,0,0,0,2,1,1,0,0,0,0,0,0,0,0,0,0,0,0
ASV_18778,0,0,0,0,0,0,0,0,0,0,0,0,0,28,21,19,20,10,0,0,0,0,0
ASV_18813,56,42,47,52,28,0,0,0,0,0,0,0,0,0,0,0,0,0,0,0,0,0,0
ASV_18831,0,0,0,0,3,0,0,0,0,0,0,0,0,0,1,0,2,0,0,0,0,0,0
ASV_18930,0,0,0,0,0,0,0,0,3,0,1,6,0,0,0,0,0,0,0,0,0,0,0
ASV_19002,0,0,0,0,0,0,0,0,0,0,0,0,0,1,3,2,5,5,0,0,0,0,0
ASV_19089,0,0,0,0,0,0,0,0,0,0,0,0,0,0,0,0,0,0,46,35,32,52,52
ASV_19109,0,0,0,0,0,0,0,0,3,6,11,1,7,0,0,0,0,0,0,0,0,0,0
ASV_19140,0,0,0,0,0,0,0,2,1,0,0,0,0,0,0,0,0,0,0,0,0,0,0
ASV_19143,21,45,63,53,35,0,0,0,0,0,0,0,0,0,0,0,0,0,0,0,0,0,0
ASV_19213,0,0,0,0,0,0,0,0,0,0,0,0,0,0,0,0,0,0,0,0,0,0,216
ASV_19259,0,1,0,0,0,0,0,0,0,0,0,0,0,0,0,0,0,0,0,0,0,0,0
ASV_19308,16,58,19,65,56,0,0,0,0,0,0,0,0,0,0,0,0,0,0,0,0,0,0
ASV_19347,0,0,0,0,0,0,0,0,0,0,0,0,0,210,3,0,0,0,0,0,0,0,0
ASV_19350,0,0,0,0,0,0,1,2,0,0,0,0,0,0,0,0,0,0,0,0,0,0,0
ASV_19360,0,0,0,0,0,12,7,0,0,0,0,0,0,0,0,0,0,0,0,0,0,0,0
ASV_19404,0,0,0,0,0,1,0,0,0,0,0,0,0,0,0,0,0,0,0,0,0,0,0
ASV_19410,21,19,37,56,79,0,0,0,0,0,0,0,0,0,0,0,0,0,0,0,0,0,0
ASV_19419,0,0,0,0,0,1,0,0,0,0,0,0,0,11,0,0,0,0,0,0,0,0,0
ASV_19476,14,31,40,49,77,0,0,0,0,0,0,0,0,0,0,0,0,0,0,0,0,0,0
ASV_19478,0,0,0,0,0,0,0,0,0,0,0,0,0,116,91,0,0,4,0,0,0,0,0
ASV_19495,0,0,0,0,0,0,0,0,0,0,0,0,0,0,152,3,12,43,0,0,0,0,0
ASV_19497,0,0,0,0,0,0,0,0,0,0,0,0,0,39,45,43,36,46,0,0,0,0,1
ASV_19538,0,0,0,0,0,0,0,0,30,30,54,46,50,0,0,0,0,0,0,0,0,0,0
ASV_19550,0,0,0,0,0,0,0,0,0,0,0,0,0,46,57,29,46,30,1,0,0,0,0
ASV_19555,0,0,0,0,0,0,0,0,0,0,0,0,3,0,0,0,0,0,0,0,0,0,0
ASV_19560,0,0,0,0,0,0,0,0,4,0,0,1,0,42,40,57,37,28,0,0,0,0,0
ASV_19580,0,0,0,0,0,2,0,9,0,0,0,0,0,0,0,0,0,0,0,0,0,0,0
ASV_19581,0,0,0,0,0,0,0,0,0,0,0,0,0,0,0,0,0,0,0,0,0,1,0
ASV_19589,13,6,1,3,20,0,0,0,0,0,0,0,0,0,0,0,0,0,0,0,0,0,0
ASV_19609,0,0,0,0,0,0,0,0,0,0,0,0,0,0,0,0,0,0,33,40,46,50,38
ASV_19613,18,32,31,27,100,0,0,0,0,0,0,0,0,0,0,0,0,0,0,0,0,0,0
ASV_19637,0,0,0,0,0,0,0,0,0,0,0,0,0,31,28,42,47,57,0,0,0,0,2
ASV_19749,0,0,0,0,0,0,0,0,64,15,39,37,49,0,0,0,0,0,0,0,0,0,0
ASV_19763,12,66,35,52,40,0,0,0,0,0,0,0,0,0,0,0,0,0,0,0,0,0,0
ASV_19767,0,13,0,0,0,0,0,0,0,0,0,0,0,0,0,0,0,0,0,0,0,0,0
ASV_19775,0,0,0,0,0,0,0,0,0,0,0,0,0,1,0,0,0,0,0,0,0,0,0
ASV_19828,0,0,0,0,0,0,0,0,0,0,0,0,0,51,103,2,20,26,0,0,0,0,0
ASV_19861,0,2,0,0,0,0,162,1,0,0,0,0,0,0,0,0,0,0,0,0,0,0,0
ASV_19868,41,33,39,34,56,0,0,0,0,0,0,0,0,0,0,0,0,0,0,0,0,0,0
ASV_19886,0,0,0,0,0,0,0,0,0,200,0,2,0,0,0,0,0,0,0,0,0,0,0
ASV_19901,0,0,0,0,0,0,4,0,0,0,0,0,0,0,0,0,0,0,0,0,0,0,0
ASV_19938,46,6,9,0,0,0,0,0,0,0,0,0,0,0,0,0,0,0,0,0,0,0,0
ASV_19979,0,0,0,0,0,2,0,0,0,0,0,0,0,0,0,0,0,0,0,0,0,0,0
ASV_19982,0,1,0,0,1,5,2,7,0,0,0,0,0,0,0,0,0,0,0,0,0,0,0
ASV_19988,0,0,0,0,0,0,0,0,56,22,58,16,47,1,0,0,0,0,0,0,0,0,0
ASV_19990,0,0,0,0,0,1,0,0,32,14,40,20,34,0,0,0,0,0,0,0,0,0,0
ASV_20002,0,0,0,0,0,0,12,0,0,0,0,0,0,0,0,0,0,0,0,0,0,0,0
ASV_20011,40,42,70,26,22,0,0,0,0,0,0,0,0,0,0,0,0,0,0,0,0,0,0
ASV_20021,0,0,0,0,0,0,0,0,1,0,0,0,5,0,0,0,0,0,0,0,0,0,0
ASV_20067,0,0,0,1,0,0,2,0,0,0,0,0,0,28,48,73,16,7,0,0,0,0,0
ASV_20145,0,122,0,0,0,0,0,0,0,0,0,0,0,0,0,0,0,0,0,0,0,0,0
ASV_20152,0,0,0,0,0,0,0,0,57,18,35,27,47,0,8,0,0,5,0,0,0,0,0
ASV_20164,0,0,0,0,0,0,0,0,0,0,0,0,0,42,32,36,42,43,2,0,0,0,0
ASV_20167,0,0,0,0,0,0,0,3,0,0,0,0,0,0,0,0,0,0,0,0,0,0,0
ASV_20169,0,0,0,0,0,0,0,0,0,0,0,0,0,3,0,0,3,2,0,0,0,0,0
ASV_20213,0,0,0,0,0,0,0,0,55,36,12,72,10,0,0,0,0,1,0,0,0,0,0
ASV_20224,0,0,0,0,0,40,0,0,0,0,0,0,0,0,0,0,0,0,0,0,0,0,0
ASV_20253,0,0,0,0,0,0,0,0,0,0,0,0,0,0,1,0,0,3,0,0,0,0,0
ASV_20262,0,0,0,0,0,1,0,2,0,0,0,0,0,0,0,0,0,0,0,0,0,0,0
ASV_20269,0,0,0,0,0,0,194,0,0,0,0,0,0,0,0,0,0,0,0,0,0,0,0
ASV_20296,0,0,0,0,0,0,0,0,0,0,0,0,0,0,40,23,0,19,0,0,0,0,0
ASV_20354,0,0,0,0,0,0,0,0,0,0,0,0,0,47,46,33,35,30,0,0,0,0,0
ASV_20361,0,0,0,0,0,0,0,0,3,0,0,0,2,0,0,0,0,0,0,0,0,0,0
ASV_20375,0,0,0,0,0,0,2,4,0,0,0,0,0,0,0,0,0,0,0,0,0,0,0
ASV_20391,0,0,0,0,0,0,0,0,10,2,0,0,4,0,0,0,0,0,0,0,0,0,0
ASV_20403,0,0,0,0,2,0,2,1,26,23,30,9,29,13,2,0,0,0,0,0,0,0,0
ASV_20412,0,0,0,0,0,0,0,0,0,0,0,0,0,132,2,17,31,10,0,0,0,0,0
ASV_20438,0,0,0,0,0,0,0,0,63,33,22,31,44,0,0,0,0,0,0,0,0,0,0
ASV_20482,0,0,0,0,0,0,0,0,0,0,0,0,0,6,0,0,0,0,0,0,0,0,0
ASV_20488,0,0,0,0,0,0,0,0,0,0,0,0,0,0,0,0,0,0,38,41,27,44,42
ASV_20489,0,0,0,0,0,4,3,0,0,0,0,0,0,0,0,0,0,0,0,0,0,0,0
ASV_20505,0,14,0,0,0,0,0,0,0,0,0,0,0,0,0,0,0,0,0,0,0,0,0
ASV_20510,11,42,42,48,49,0,0,0,0,0,0,0,0,0,0,0,0,0,0,0,0,0,0
ASV_20526,0,0,0,0,0,0,0,0,0,0,0,0,0,0,0,25,166,0,0,0,0,0,0
ASV_20540,0,0,0,0,0,0,0,0,0,0,0,0,0,0,0,50,0,141,0,0,0,0,0
ASV_20605,0,0,0,0,0,38,27,0,0,0,0,0,0,0,0,0,0,0,0,0,0,0,0
ASV_20614,0,0,0,0,0,0,0,0,83,24,46,25,12,0,0,0,0,0,0,0,0,0,0
ASV_20656,0,0,0,0,0,0,0,0,0,0,1,0,0,20,38,43,51,35,0,0,0,1,0
ASV_20710,0,0,0,0,0,0,0,0,0,0,0,0,0,21,0,0,110,57,0,0,0,0,0
ASV_20715,0,0,0,0,0,0,0,0,0,0,0,0,0,0,0,0,188,0,0,0,0,0,0
ASV_20719,0,0,0,0,0,0,0,0,0,0,0,0,0,58,10,14,103,3,0,0,0,0,0
ASV_20721,0,0,0,0,0,4,0,0,0,0,0,0,0,0,0,0,0,0,0,0,0,0,0
ASV_20722,0,0,0,0,0,0,0,0,0,0,0,0,0,0,0,0,0,0,41,45,42,27,32
ASV_20772,0,0,0,0,0,0,2,0,7,11,15,9,14,0,0,2,0,0,0,0,0,0,0
ASV_20817,0,0,0,0,0,0,0,0,0,0,0,0,0,20,0,22,144,0,0,0,0,0,0
ASV_20831,0,0,0,0,0,0,0,0,0,0,0,0,2,71,24,19,39,12,0,0,1,1,0
ASV_20833,0,0,0,0,0,0,0,0,56,42,39,20,28,0,0,0,0,0,0,0,0,0,0
ASV_20836,0,0,0,0,0,0,0,0,0,0,0,0,0,0,0,0,0,0,43,30,45,40,28
ASV_20837,0,0,0,0,0,0,0,0,0,0,0,0,0,0,0,0,0,0,38,37,51,28,32
ASV_20870,0,0,0,0,0,0,184,1,0,0,0,0,0,0,0,0,0,0,0,0,0,0,0
ASV_20874,0,20,162,0,2,0,0,0,0,0,0,0,0,0,0,0,0,0,0,0,0,0,0
ASV_20884,0,0,0,0,0,0,0,0,0,0,0,0,0,0,2,0,0,0,0,0,0,0,0
ASV_20905,0,0,0,0,0,0,0,0,0,0,0,0,0,0,0,0,0,0,0,0,0,1,0
ASV_20924,0,0,0,0,0,0,0,105,0,0,0,0,0,0,0,0,0,0,0,0,0,0,0
ASV_20928,0,0,0,0,0,0,0,0,0,0,0,0,0,0,32,0,0,0,0,0,0,0,0
ASV_20932,0,0,0,0,0,0,0,0,0,0,0,0,0,0,0,0,0,0,5,169,4,6,0
ASV_20944,0,0,0,0,0,0,0,0,0,0,0,0,0,6,2,2,4,0,0,0,0,0,0
ASV_20948,0,0,0,0,0,0,0,0,0,0,0,0,0,33,50,38,32,31,0,0,0,0,0
ASV_20952,0,0,0,0,0,1,0,0,0,0,0,0,0,0,0,0,0,0,0,0,0,0,0
ASV_20998,0,0,0,0,0,0,0,0,0,0,0,0,0,0,0,0,0,0,32,20,44,40,47
ASV_21053,0,0,0,0,0,0,4,4,0,0,0,0,0,0,0,0,0,0,0,0,0,0,0
ASV_21122,0,0,0,0,0,0,0,0,0,0,0,0,0,39,30,38,47,27,0,0,0,0,0
ASV_21123,0,0,0,0,0,0,0,0,0,0,0,0,0,173,8,0,0,0,0,0,0,0,0
ASV_21124,0,0,0,0,0,0,0,0,0,0,0,0,0,21,106,3,28,23,0,0,0,0,0
ASV_21129,0,0,0,0,0,0,0,0,0,0,0,0,0,0,0,0,0,0,0,0,0,0,181
ASV_21138,0,0,0,0,0,0,0,0,0,0,0,0,0,0,0,0,0,0,30,46,24,29,52
ASV_21155,0,0,0,0,2,0,0,0,4,1,3,2,1,4,2,0,4,2,0,0,0,0,0
ASV_21175,0,31,0,0,0,0,0,0,0,0,0,0,0,0,0,0,0,0,0,0,0,0,0
ASV_21214,0,0,0,0,1,0,0,0,0,0,0,0,0,0,0,0,0,0,0,0,0,0,0
ASV_21392,0,0,0,0,0,0,0,0,0,0,0,0,0,0,0,0,170,7,0,0,0,0,0
ASV_21406,0,0,0,0,0,0,0,0,11,5,5,7,11,0,0,0,0,0,0,0,0,0,0
ASV_21449,13,42,34,55,33,0,0,0,0,0,0,0,0,0,0,0,0,0,0,0,0,0,0
ASV_21463,0,0,0,0,0,0,0,0,0,0,0,0,0,0,160,0,0,16,0,0,0,0,0
ASV_21474,0,0,0,0,0,0,0,7,0,0,0,0,0,0,0,0,0,0,0,0,0,0,0
ASV_21488,0,0,0,0,0,0,0,0,37,28,72,12,26,0,0,0,0,0,0,0,0,0,0
ASV_21502,0,0,0,0,0,1,3,2,0,0,0,0,0,0,0,0,0,0,0,0,0,0,0
ASV_21508,15,35,28,48,49,0,0,0,0,0,0,0,0,0,0,0,0,0,0,0,0,0,0
ASV_21562,0,2,0,0,0,0,104,0,0,0,0,0,0,0,0,0,0,0,0,0,0,0,0
ASV_21650,0,0,0,0,0,1,0,0,40,26,32,59,15,0,0,0,0,0,0,0,0,0,0
ASV_21689,0,29,0,0,0,0,0,0,0,0,0,0,0,0,0,0,0,0,0,0,0,0,0
ASV_21694,0,0,0,0,0,5,0,15,0,0,0,0,0,0,0,0,0,0,0,0,0,0,0
ASV_21697,0,0,0,0,0,3,3,5,0,0,0,0,0,0,0,0,0,0,0,0,0,0,0
ASV_21714,0,2,0,0,3,0,0,0,0,0,0,0,0,0,0,0,0,0,0,0,0,0,0
ASV_21768,0,0,0,0,0,0,0,2,0,0,0,0,0,0,0,0,0,0,0,0,0,0,0
ASV_21796,0,0,0,0,0,0,0,0,0,0,0,0,0,0,0,0,0,0,0,0,0,0,1
ASV_21810,0,0,0,0,0,5,1,6,0,0,0,0,0,0,0,1,0,0,0,0,0,0,0
ASV_21816,0,0,0,0,0,10,0,0,0,0,0,0,0,0,0,0,0,0,0,0,0,0,0
ASV_21841,0,0,0,0,0,2,0,2,0,0,0,0,0,0,0,0,0,0,0,0,0,0,0
ASV_21842,0,0,0,0,0,0,0,0,0,0,0,0,0,10,45,50,33,32,0,0,0,0,0
ASV_21851,1,1,1,1,1,0,0,1,1,0,3,0,1,0,1,1,0,1,0,0,0,0,0
ASV_21869,0,28,1,0,0,0,0,0,0,0,0,0,0,0,0,0,0,0,0,0,0,0,0
ASV_21877,0,0,0,0,0,0,0,0,0,0,0,0,0,6,16,77,41,9,0,0,0,0,0
ASV_21880,0,0,0,0,0,0,0,0,0,0,0,0,0,26,33,23,48,38,0,0,0,0,0
ASV_21900,0,0,0,1,0,0,0,0,0,0,0,0,0,0,0,0,0,0,0,0,0,0,0
ASV_21907,0,0,0,0,0,0,0,0,0,0,0,0,0,0,0,0,0,0,0,0,0,0,2
ASV_21946,0,0,0,0,0,0,0,0,0,0,0,0,0,39,89,0,13,27,0,0,0,0,0
ASV_21973,0,0,0,0,0,0,0,0,0,0,0,0,0,0,0,0,0,0,23,31,25,38,51
ASV_21979,0,0,0,0,0,0,0,0,0,0,0,0,0,39,23,27,44,21,0,0,0,0,0
ASV_21999,0,0,0,0,0,0,0,0,54,29,26,15,43,0,0,0,0,0,0,0,0,0,0
ASV_22002,13,24,48,41,42,0,0,0,0,0,0,0,0,0,0,0,0,0,0,0,0,0,0
ASV_22027,0,0,0,0,0,0,0,0,0,0,0,0,0,0,0,0,0,0,30,32,34,27,44
ASV_22032,0,0,4,2,5,0,0,0,0,0,0,0,0,0,0,0,0,0,0,0,0,0,0
ASV_22037,0,0,0,0,0,0,0,0,1,0,0,0,0,0,0,0,0,0,0,0,0,0,0
ASV_22083,0,0,0,0,0,0,0,0,0,4,0,0,0,0,0,0,0,0,0,0,0,0,0
ASV_22085,0,0,0,0,0,0,0,0,45,18,29,23,44,2,5,0,1,0,0,0,0,0,0
ASV_22101,0,0,0,0,0,0,0,0,0,0,0,0,0,21,49,29,31,35,0,0,0,0,1
ASV_22165,0,0,0,0,0,0,0,0,0,0,1,0,0,21,21,39,60,23,0,0,0,0,0
ASV_22197,0,0,0,0,0,0,0,0,36,12,28,11,23,0,0,0,0,0,0,0,0,0,0
ASV_22245,0,0,0,0,0,0,0,0,0,0,2,0,0,0,0,0,0,0,0,0,0,0,0
ASV_22287,0,0,0,0,0,10,0,0,0,0,0,0,0,0,0,0,0,0,0,0,0,0,0
ASV_22297,0,0,0,0,0,2,3,4,33,23,21,56,22,0,0,0,0,0,0,0,0,0,0
ASV_22308,0,0,0,0,0,0,0,0,28,19,14,3,4,0,0,0,0,0,0,0,0,0,0
ASV_22312,0,0,163,0,0,0,0,0,0,0,0,0,0,0,0,0,0,0,0,0,0,0,0
ASV_22323,0,3,0,0,0,0,160,0,0,0,0,0,0,0,0,0,0,0,0,0,0,0,0
ASV_22419,0,0,0,0,0,0,21,0,0,0,0,0,0,0,0,0,0,0,0,0,0,0,0
ASV_22447,0,0,0,0,0,0,0,0,0,0,0,0,0,22,35,24,46,32,0,0,0,0,0
ASV_22458,0,0,0,0,0,0,0,0,0,0,0,0,0,0,2,0,0,0,0,0,0,0,0
ASV_22481,0,0,0,0,0,0,0,0,0,0,0,0,0,0,0,0,0,0,14,6,9,122,10
ASV_22484,0,0,0,0,0,0,0,0,5,4,7,4,3,0,0,0,0,0,0,0,0,0,0
ASV_22521,0,0,0,0,0,0,0,0,0,0,0,0,0,53,8,14,72,13,0,0,0,0,0
ASV_22552,6,0,0,0,0,0,0,0,0,0,0,0,0,0,0,0,0,0,0,0,0,0,0
ASV_22560,0,0,0,0,0,0,0,0,0,0,0,0,0,0,0,0,0,0,0,0,0,0,160
ASV_22631,0,0,0,0,0,0,0,0,0,0,3,2,0,9,15,9,6,3,0,0,0,0,0
ASV_22701,0,0,0,0,0,0,0,0,0,7,8,2,0,0,0,0,1,3,0,0,0,0,0
ASV_22709,6,7,1,3,6,0,0,0,0,0,0,0,0,0,0,0,0,0,0,0,0,0,0
ASV_22820,0,0,0,0,0,43,0,0,0,0,0,0,0,0,0,0,0,0,0,0,0,0,0
ASV_22845,0,0,0,0,0,0,0,0,0,2,0,0,3,1,0,2,0,0,0,0,0,0,0
ASV_22860,0,0,0,0,0,0,0,0,1,0,0,0,0,0,3,9,10,0,0,0,0,0,0
ASV_22895,0,0,0,0,0,0,37,0,0,0,0,0,0,0,0,0,0,0,0,0,0,0,0
ASV_22911,0,0,0,0,0,0,0,0,8,1,6,0,9,0,0,0,0,0,0,0,0,0,0
ASV_22946,0,2,0,0,0,0,0,16,0,0,0,0,0,0,0,0,0,0,0,0,0,0,0
ASV_22972,0,0,0,0,0,1,0,20,0,0,0,0,0,0,0,0,0,0,0,0,0,0,0
ASV_22992,0,0,0,0,0,0,0,0,4,6,0,0,3,0,0,0,0,0,0,0,0,0,0
ASV_23009,0,0,0,0,0,0,0,0,2,0,2,2,0,0,0,0,0,0,0,0,0,0,0
ASV_23015,0,0,0,0,0,0,0,17,0,0,0,0,0,0,0,0,0,0,0,0,0,0,0
ASV_23026,0,0,0,0,0,0,0,0,0,0,0,0,0,30,30,24,30,39,0,0,0,0,0
ASV_23033,0,0,0,0,0,2,0,0,25,28,15,23,20,0,0,0,0,0,0,0,0,0,0
ASV_23036,0,0,0,0,0,0,0,0,2,6,0,0,15,0,0,0,0,0,0,0,0,0,0
ASV_23050,0,0,0,0,1,0,0,0,0,0,0,0,0,0,0,0,0,1,150,0,0,0,0
ASV_23052,0,0,0,0,0,0,0,6,0,0,0,0,0,0,0,0,0,0,0,0,0,0,0
ASV_23117,1,0,0,0,0,0,0,0,0,0,0,0,0,0,0,0,0,0,0,0,0,0,0
ASV_23135,0,0,0,0,0,0,0,0,0,0,0,0,0,0,34,0,2,4,0,0,0,0,0
ASV_23144,0,2,0,0,0,2,20,128,0,0,0,0,0,0,0,0,0,0,0,0,0,0,0
ASV_23178,0,0,0,0,0,0,0,3,0,0,0,0,0,0,0,0,0,0,0,0,0,0,0
ASV_23184,0,0,0,0,0,0,0,0,18,55,16,37,25,0,0,0,0,0,0,0,0,0,0
ASV_23245,0,0,0,0,0,0,0,0,0,0,0,0,0,42,27,26,48,8,0,0,0,0,0
ASV_23262,0,0,0,0,0,0,0,0,0,0,0,0,0,43,24,18,37,28,0,0,0,0,0
ASV_23313,0,133,0,0,13,0,0,0,0,0,0,0,0,0,0,0,0,0,0,0,0,0,0
ASV_23351,5,7,0,0,0,0,0,0,0,0,0,0,0,0,0,0,0,0,0,0,0,0,0
ASV_23377,0,0,0,0,0,0,0,0,16,16,24,18,8,0,0,0,0,0,0,0,0,0,0
ASV_23397,0,0,0,0,0,0,0,0,0,0,0,0,0,23,77,1,26,21,0,0,0,0,0
ASV_23401,0,1,0,0,0,0,0,0,0,0,0,0,0,0,0,0,0,0,0,0,0,0,0
ASV_23427,0,0,0,0,0,0,0,0,1,0,0,0,0,0,0,0,0,0,0,0,0,0,0
ASV_23458,0,0,0,0,0,0,0,0,0,0,1,0,0,0,0,0,0,0,0,0,0,0,0
ASV_23470,0,0,0,0,0,1,1,6,0,0,0,0,0,0,0,0,0,0,0,0,0,0,0
ASV_23490,0,0,0,0,0,0,5,0,0,0,0,0,0,0,0,0,0,0,0,0,0,0,0
ASV_23529,0,0,0,0,0,0,0,0,0,0,2,0,0,0,0,0,0,0,0,0,0,0,0
ASV_23532,0,0,0,0,0,0,0,0,0,0,0,0,0,0,0,0,0,0,0,0,146,0,0
ASV_23534,0,0,0,0,0,146,0,0,0,0,0,0,0,0,0,0,0,0,0,0,0,0,0
ASV_23583,0,0,0,0,0,0,0,0,0,0,0,0,0,0,0,0,0,0,4,6,132,3,1
ASV_23656,0,0,0,0,0,7,8,15,0,0,0,0,0,0,0,0,0,0,0,0,0,0,0
ASV_23710,0,0,0,0,0,0,0,0,0,0,0,0,0,136,0,0,0,8,0,0,0,0,0
ASV_23882,0,0,0,0,0,0,0,0,0,0,0,0,0,20,33,13,45,31,0,0,0,0,0
ASV_23915,0,0,0,0,0,0,0,0,66,9,17,39,11,0,0,0,0,0,0,0,0,0,0
ASV_23924,0,0,3,0,0,0,0,0,0,0,0,0,0,0,0,0,0,0,0,0,0,0,0
ASV_23936,1,0,0,0,0,0,0,0,0,0,0,0,0,0,0,0,0,0,0,0,0,0,0
ASV_23956,0,0,0,0,0,0,0,0,0,0,0,0,0,0,0,22,4,0,0,0,0,0,0
ASV_23961,0,0,2,1,0,0,0,0,0,0,0,0,0,0,0,0,0,0,0,0,0,0,0
ASV_23973,0,0,0,0,0,0,0,0,0,0,0,0,0,4,76,4,18,39,0,0,0,0,0
ASV_23990,0,0,0,0,0,0,0,0,0,0,0,0,0,0,0,0,0,0,26,32,26,32,25
ASV_23991,0,0,0,0,0,0,0,0,0,0,0,0,0,119,0,0,0,22,0,0,0,0,0
ASV_24043,0,0,0,0,0,0,0,0,0,0,0,0,0,27,3,12,0,6,0,0,0,0,0
ASV_24070,0,0,0,0,0,0,0,0,27,27,44,9,27,0,0,0,0,0,0,0,0,0,0
ASV_24152,0,0,0,0,0,0,0,0,49,11,39,13,23,0,0,0,0,0,0,0,0,0,0
ASV_24153,0,0,0,0,0,0,0,0,4,7,30,2,96,0,0,0,0,0,0,0,0,0,0
ASV_24257,0,0,0,0,0,0,0,0,0,0,0,8,0,22,0,0,0,0,0,0,0,0,0
ASV_24269,0,0,0,0,0,0,0,0,8,9,6,12,15,2,4,6,2,4,0,0,0,0,0
ASV_24318,0,0,0,0,0,0,0,0,0,0,0,0,0,0,0,0,6,0,0,0,0,0,0
ASV_24347,0,0,0,0,0,0,0,0,25,5,22,11,15,0,2,0,0,3,0,0,0,0,0
ASV_24385,0,0,0,0,0,4,0,1,0,0,0,0,0,0,0,0,0,0,0,0,0,0,0
ASV_24395,0,0,0,0,0,0,0,0,0,0,3,1,1,0,0,0,0,0,0,0,0,0,0
ASV_24398,2,0,0,0,0,0,0,0,0,0,0,0,0,0,0,0,0,0,0,0,0,0,0
ASV_24434,0,0,0,0,0,0,0,0,0,0,0,0,0,50,4,34,19,29,0,0,0,0,0
ASV_24457,0,0,0,0,0,7,10,5,0,0,0,0,0,0,0,0,0,0,0,0,0,0,0
ASV_24470,0,0,0,0,0,0,0,0,13,0,63,14,45,0,0,0,0,0,0,0,0,0,0
ASV_24519,0,0,0,0,0,0,0,6,3,7,3,10,10,0,0,0,0,0,0,0,0,0,0
ASV_24547,0,0,0,0,0,23,37,0,0,0,0,0,0,0,0,0,0,0,0,0,0,0,0
ASV_24559,0,0,0,0,0,127,0,2,0,0,0,0,0,0,0,0,0,0,0,0,0,0,0
ASV_24568,3,0,0,0,0,0,0,0,0,0,0,0,0,0,0,0,0,0,0,0,0,0,0
ASV_24581,0,0,0,0,0,0,0,0,33,30,23,12,36,0,0,0,0,0,0,0,0,0,0
ASV_24607,0,0,0,0,0,0,0,0,0,0,0,0,0,13,40,26,9,7,0,0,0,0,0
ASV_24629,0,0,0,0,0,0,0,0,0,0,0,0,0,13,15,7,77,20,0,0,0,0,0
ASV_24659,0,0,0,0,0,0,0,0,5,5,0,0,6,0,0,0,0,0,0,0,0,0,0
ASV_24710,0,0,0,0,0,0,0,0,61,40,1,2,29,0,0,0,0,0,0,0,0,0,0
ASV_24752,0,0,0,0,0,0,0,0,0,0,0,0,0,0,132,0,0,0,0,0,0,0,0
ASV_24774,0,0,0,0,0,25,13,73,0,0,0,0,0,0,0,0,0,0,0,0,0,0,0
ASV_24775,31,9,4,18,26,0,0,0,0,0,0,0,0,0,0,0,0,0,0,0,0,0,0
ASV_24787,0,0,0,0,0,0,0,0,0,0,0,0,0,26,0,60,31,15,0,0,0,0,0
ASV_24867,0,0,0,0,0,31,73,4,0,0,0,0,0,0,0,0,0,0,0,0,0,0,0
ASV_24869,0,0,0,0,0,0,0,0,74,38,19,0,0,0,0,0,0,0,0,0,0,0,0
ASV_24882,0,0,0,0,0,0,0,0,0,0,0,2,0,0,0,0,0,0,0,0,0,0,0
ASV_24887,0,0,0,0,0,0,0,0,0,0,0,0,0,0,0,0,0,1,0,0,0,0,0
ASV_24961,0,1,0,0,0,29,10,12,0,0,0,0,0,0,0,0,0,0,0,0,0,0,0
ASV_24966,0,0,0,0,0,0,130,0,0,0,0,0,0,0,0,0,0,0,0,0,0,0,0
ASV_25011,0,0,0,0,0,0,0,0,34,21,32,19,24,0,0,0,0,0,0,0,0,0,0
ASV_25024,0,0,0,0,0,0,0,0,6,0,0,0,0,2,2,3,0,0,0,0,0,0,0
ASV_25057,0,0,0,0,0,0,2,4,0,0,0,0,0,0,0,0,0,0,0,0,0,0,0
ASV_25066,0,0,0,0,0,41,8,42,0,0,2,0,0,0,0,0,0,0,0,0,0,0,0
ASV_25098,0,0,0,0,0,0,0,0,0,0,0,0,0,9,47,13,29,28,0,0,0,0,2
ASV_25100,0,0,0,0,0,5,6,9,0,0,0,0,0,0,0,0,0,0,0,0,0,0,0
ASV_25152,0,0,0,0,0,0,0,0,0,6,0,0,0,0,0,0,0,0,0,0,0,0,0
ASV_25206,0,0,0,0,0,0,0,0,0,0,0,0,0,0,0,0,2,4,0,0,0,0,0
ASV_25212,0,0,0,1,0,0,0,0,0,0,0,0,0,1,0,0,116,8,0,0,0,0,0
ASV_25236,0,0,0,0,0,0,0,0,5,7,6,3,15,0,0,0,0,0,0,0,0,0,0
ASV_25288,0,0,0,0,0,0,0,0,0,0,0,0,127,0,0,0,0,0,0,0,0,0,0
ASV_25338,1,0,3,0,0,0,0,0,0,0,0,0,0,0,0,0,0,0,0,0,0,0,0
ASV_25355,0,0,0,0,0,0,0,0,0,0,0,0,0,0,0,0,125,1,0,0,0,0,0
ASV_25359,0,0,0,0,0,9,21,29,0,0,0,0,0,0,0,0,0,0,0,0,0,0,0
ASV_25367,2,0,0,0,6,0,0,0,0,0,0,0,0,0,0,0,0,0,0,0,0,0,0
ASV_25368,0,0,0,0,0,0,0,1,0,0,0,0,0,0,0,0,0,0,0,0,0,0,0
ASV_25387,0,0,0,0,0,0,0,0,17,5,4,1,26,0,0,0,0,0,0,0,0,0,0
ASV_25394,0,0,0,0,0,0,0,0,21,7,28,29,26,0,10,5,0,0,0,0,0,0,0
ASV_25420,0,0,0,0,0,0,0,0,34,22,29,2,38,0,0,0,0,0,0,0,0,0,0
ASV_25496,0,0,0,0,0,0,0,1,0,0,0,0,0,0,0,0,0,0,0,0,0,0,0
ASV_25560,0,0,4,0,0,0,0,0,0,0,0,0,0,0,0,0,0,0,0,0,0,0,0
ASV_25574,0,0,0,0,0,0,0,0,2,5,6,0,2,0,0,0,0,0,0,0,0,0,0
ASV_25647,0,0,0,0,0,1,0,4,5,2,6,0,2,0,0,0,0,0,0,0,0,0,0
ASV_25653,0,0,0,0,0,0,1,0,26,9,29,16,35,0,1,3,0,0,0,0,0,0,0
ASV_25673,0,0,0,0,0,0,0,0,0,0,0,0,0,0,0,0,0,0,20,22,26,42,13
ASV_25677,0,0,0,0,0,0,0,0,2,0,0,0,0,0,0,0,0,0,0,0,0,0,0
ASV_25712,0,3,0,0,0,0,0,0,0,0,0,0,0,0,0,0,0,0,0,0,0,0,0
ASV_25722,0,0,0,0,0,0,0,0,0,0,0,0,0,0,0,0,0,0,0,0,122,0,0
ASV_25737,0,0,0,0,0,1,0,0,0,0,0,0,1,0,0,1,0,2,0,0,0,0,0
ASV_25743,7,3,1,4,6,0,0,0,11,5,5,8,2,0,0,1,0,0,0,0,0,0,0
ASV_25745,0,0,0,0,0,0,0,0,0,0,0,0,0,29,31,26,8,12,0,0,0,1,0
ASV_25755,0,0,0,0,0,0,0,0,0,0,0,1,0,0,0,0,0,0,0,0,0,0,0
ASV_25794,0,0,0,0,0,0,0,0,4,2,4,6,0,0,0,0,0,0,0,0,0,0,0
ASV_25817,0,0,0,0,0,0,0,0,0,0,0,0,0,0,12,6,100,3,0,0,0,0,0
ASV_25833,0,0,0,0,0,0,0,0,0,0,0,0,1,0,38,0,0,82,0,0,0,0,0
ASV_25863,0,0,0,0,0,0,0,0,0,0,0,0,0,0,0,0,0,0,14,19,47,25,16
ASV_25885,0,0,0,0,0,0,0,0,26,18,41,23,13,0,0,0,0,0,0,0,0,0,0
ASV_25915,0,0,0,0,0,0,0,0,31,25,16,7,41,0,0,0,0,0,0,0,0,0,0
ASV_25929,0,0,0,0,0,0,0,0,107,13,0,0,0,0,0,0,0,0,0,0,0,0,0
ASV_25995,0,0,0,0,0,0,21,8,0,0,0,0,0,0,0,0,0,0,0,0,0,0,0
ASV_26026,0,2,0,0,0,0,0,117,0,0,0,0,0,0,0,0,0,0,0,0,0,0,0
ASV_26055,0,0,0,18,0,0,0,0,0,0,0,0,0,0,0,0,0,0,0,0,0,0,0
ASV_26057,0,1,0,1,0,0,0,0,0,53,21,39,0,0,0,0,0,0,0,0,0,0,0
ASV_26064,0,0,0,0,0,0,1,0,0,0,0,0,0,0,0,0,0,0,0,0,0,0,0
ASV_26093,0,0,0,0,0,0,0,0,26,26,19,7,40,0,0,0,0,0,0,0,0,0,0
ASV_26114,0,0,0,0,0,0,0,1,49,8,16,1,28,0,1,0,0,0,0,0,0,0,0
ASV_26182,0,0,0,0,0,0,0,0,0,0,0,0,0,117,0,0,0,0,0,0,0,0,0
ASV_26186,1,0,0,0,0,0,0,0,0,0,1,0,0,8,22,0,0,0,0,0,0,0,0
ASV_26224,0,0,0,0,0,3,5,0,7,0,1,7,0,0,0,0,0,0,0,0,0,0,0
ASV_26309,0,0,0,0,0,0,0,0,6,0,21,22,55,0,13,0,0,0,0,0,0,0,0
ASV_26345,0,0,0,0,0,0,0,0,0,0,0,116,0,0,0,0,0,0,0,0,0,0,0
ASV_26376,0,0,0,0,0,0,0,0,1,1,1,0,1,0,0,0,0,0,0,0,0,0,0
ASV_26387,0,0,0,1,0,0,0,0,0,0,0,0,0,0,0,0,0,0,0,0,0,0,0
ASV_26396,0,0,0,0,0,3,0,0,0,0,0,0,0,0,0,0,0,0,0,0,0,0,0
ASV_26449,0,0,0,0,0,1,0,0,0,0,0,0,0,0,0,1,0,0,0,0,0,0,0
ASV_26455,0,0,0,0,0,0,11,6,0,0,0,0,0,0,0,0,0,0,0,0,0,0,0
ASV_26497,0,0,0,0,0,0,0,0,5,2,1,3,7,1,7,0,0,0,0,0,0,0,0
ASV_26542,0,0,0,0,0,0,0,0,3,4,2,0,0,0,0,0,0,0,0,0,0,0,0
ASV_26549,0,0,0,0,0,0,0,0,0,0,0,0,0,0,114,0,0,0,0,0,0,0,0
ASV_26580,0,0,0,0,0,0,0,0,5,0,2,22,34,0,0,0,0,0,0,0,0,0,0
ASV_26690,0,0,0,0,0,0,0,0,16,12,39,8,20,0,0,0,0,1,0,0,0,0,0
ASV_26708,0,0,0,0,0,0,0,0,0,0,0,0,0,2,0,0,0,0,0,0,0,0,0
ASV_26743,0,0,0,0,0,0,0,0,0,0,0,0,0,0,0,0,0,0,0,0,0,0,113
ASV_26774,0,0,1,0,0,0,0,0,0,1,0,0,0,0,0,0,0,0,0,0,0,0,0
ASV_26784,0,0,0,0,0,0,0,0,0,3,0,0,0,0,0,0,0,0,0,0,0,0,0
ASV_26790,0,0,0,0,0,0,0,0,33,13,12,10,44,0,0,0,0,0,0,0,0,0,0
ASV_26835,0,0,0,0,0,0,0,0,0,0,0,0,0,0,0,0,112,0,0,0,0,0,0
ASV_26844,0,3,0,0,0,2,0,47,0,0,0,0,0,0,0,0,0,0,0,0,0,0,0
ASV_26892,0,0,0,3,0,0,0,0,0,0,0,0,0,0,0,0,0,0,0,0,0,0,0
ASV_26899,0,0,0,0,0,0,0,0,0,0,1,0,0,0,0,0,0,0,0,0,0,0,0
ASV_26938,0,0,0,0,0,0,7,0,0,0,0,4,1,1,1,0,0,1,0,0,0,0,0
ASV_26968,0,0,0,0,0,0,0,0,2,6,4,0,8,0,0,0,0,0,0,0,0,0,0
ASV_26990,1,1,0,71,0,0,0,0,0,0,0,0,0,0,0,0,0,0,0,0,0,0,0
ASV_27019,0,0,0,0,0,25,14,34,0,0,0,0,0,0,0,0,0,0,0,0,0,0,0
ASV_27029,0,0,0,0,0,0,0,0,0,0,0,0,0,0,0,0,0,0,10,45,19,19,17
ASV_27098,0,0,0,0,0,0,0,0,0,1,0,0,0,0,0,0,0,0,0,0,0,0,0
ASV_27101,0,0,0,0,0,0,0,0,0,1,0,1,10,0,0,0,0,0,0,0,0,0,0
ASV_27167,0,0,0,0,0,0,0,0,0,0,0,0,0,0,0,0,109,0,0,0,0,0,0
ASV_27168,0,0,0,0,0,0,0,0,0,0,0,0,0,20,51,18,8,12,0,0,0,0,0
ASV_27240,0,1,0,0,0,0,0,0,0,0,0,0,0,0,0,0,0,0,0,0,0,0,0
ASV_27288,0,0,0,0,0,0,0,0,0,0,0,0,0,0,0,0,108,0,0,0,0,0,0
ASV_27292,0,0,0,0,0,0,0,0,0,0,0,0,0,3,1,1,0,0,0,0,0,0,0
ASV_27309,0,0,0,0,1,0,0,0,0,2,0,0,0,0,0,0,0,0,0,0,0,0,0
ASV_27327,0,0,0,0,0,0,0,0,0,0,0,0,0,0,0,0,0,0,73,3,13,5,14
ASV_27391,0,0,0,0,0,0,0,0,0,0,0,0,1,0,0,0,0,0,0,0,0,0,0
ASV_27398,9,0,2,8,28,0,0,0,0,0,0,0,0,8,0,2,2,2,0,0,0,0,0
ASV_27424,0,0,0,1,0,0,0,0,6,38,3,36,23,0,0,0,0,0,0,0,0,0,0
ASV_27457,0,0,0,0,0,0,0,0,0,0,0,0,0,0,0,0,0,0,21,19,23,31,13
ASV_27514,0,3,0,0,0,0,2,101,0,0,0,0,0,0,0,0,0,0,0,0,0,0,0
ASV_27561,0,0,0,0,0,34,12,60,0,0,0,0,0,0,0,0,0,0,0,0,0,0,0
ASV_27596,0,1,0,0,0,73,0,31,0,0,0,0,0,0,0,0,0,0,0,0,0,0,0
ASV_27621,0,0,0,0,0,0,0,0,0,0,0,0,0,0,0,0,0,0,4,2,97,0,2
ASV_27685,0,0,0,0,0,12,0,9,0,0,0,0,0,0,0,0,0,0,0,0,0,0,0
ASV_27708,0,0,0,0,0,0,0,0,29,14,37,2,21,0,0,0,0,0,1,0,0,0,0
ASV_27769,0,0,0,0,0,0,0,0,0,0,0,0,0,14,22,16,18,14,0,0,0,0,0
ASV_27949,0,0,0,0,0,0,0,0,8,5,5,10,8,0,0,0,0,0,0,0,0,0,0
ASV_27987,0,0,0,0,0,0,0,0,0,0,0,0,0,0,0,0,0,0,11,11,21,13,46
ASV_27995,0,0,4,0,2,1,0,0,18,0,0,6,3,0,0,0,0,0,0,0,0,0,0
ASV_28001,0,0,0,0,0,0,0,0,0,0,0,0,0,0,0,2,0,0,0,0,0,0,0
ASV_28008,0,0,0,0,0,0,44,26,0,0,0,0,0,0,0,0,0,0,0,0,0,0,0
ASV_28027,0,0,0,0,0,0,0,0,0,0,0,0,0,0,0,0,4,0,0,0,0,0,0
ASV_28042,0,0,0,0,0,0,6,0,0,0,0,0,0,0,0,0,0,0,0,0,0,0,0
ASV_28058,0,0,0,0,0,0,0,0,0,0,0,0,0,0,1,0,0,0,0,0,0,0,0
ASV_28074,0,0,0,0,0,0,1,0,0,0,0,0,0,0,0,0,0,0,0,0,0,0,0
ASV_28078,0,0,0,0,0,0,0,0,0,0,0,0,0,0,0,0,101,0,0,0,0,0,0
ASV_28108,0,0,0,0,0,0,8,3,0,0,0,0,0,0,0,0,0,0,0,0,0,0,0
ASV_28111,0,0,0,0,0,0,0,0,24,5,28,0,34,0,0,0,0,0,0,0,0,0,0
ASV_28185,0,0,0,0,0,0,0,0,0,0,0,0,0,7,20,19,25,29,0,0,0,0,0
ASV_28188,0,0,0,0,0,0,0,0,0,0,0,0,0,0,0,0,0,0,0,13,0,84,3
ASV_28205,0,0,0,0,0,0,0,0,0,0,0,0,1,0,0,0,0,0,0,0,1,0,0
ASV_28217,0,0,0,0,0,0,17,0,0,0,0,0,0,0,0,0,0,0,0,0,0,0,0
ASV_28248,0,0,0,0,0,6,7,6,0,0,0,0,0,0,0,0,0,0,0,0,0,0,0
ASV_28262,0,0,0,0,0,0,0,0,0,0,0,0,0,0,0,0,3,1,0,0,0,0,0
ASV_28352,0,0,0,0,0,0,0,0,0,0,0,0,0,41,12,21,21,4,0,0,0,0,0
ASV_28366,0,0,0,0,0,0,0,0,2,2,1,11,1,0,0,0,0,0,0,0,0,0,0
ASV_28413,0,0,0,0,0,0,9,3,0,0,0,0,0,5,0,2,0,0,0,0,0,0,0
ASV_28424,0,0,0,0,0,0,0,0,0,0,0,0,0,67,2,30,0,0,0,0,0,0,0
ASV_28443,0,0,0,0,0,5,1,7,0,1,3,3,1,0,0,0,0,0,0,0,0,0,0
ASV_28539,0,0,0,0,0,0,0,5,0,0,0,0,0,0,0,0,0,0,0,0,0,0,0
ASV_28551,0,0,0,0,0,0,0,0,0,0,0,0,1,0,0,0,0,0,0,0,0,0,0
ASV_28646,0,0,0,0,0,0,0,0,0,0,0,0,0,0,0,0,0,0,0,0,0,0,97
ASV_28663,0,0,0,0,0,0,0,0,0,0,0,0,0,0,0,0,0,0,0,0,0,0,97
ASV_28664,0,0,0,0,0,0,0,0,2,1,1,0,2,0,0,0,0,0,0,0,0,0,0
ASV_28677,0,10,0,0,0,0,0,0,0,0,0,0,0,0,0,0,0,0,0,0,0,0,0
ASV_28684,0,0,0,0,0,0,0,0,4,1,0,0,1,0,0,0,0,0,0,0,0,0,0
ASV_28687,0,0,0,0,0,0,0,0,35,7,22,14,19,0,0,0,0,0,0,0,0,0,0
ASV_28727,0,0,0,0,0,0,0,0,4,9,14,42,0,18,0,0,0,0,0,0,0,0,0
ASV_28730,0,0,0,0,0,21,3,5,0,0,0,0,0,0,0,0,0,0,0,0,0,0,0
ASV_28748,0,0,0,0,0,0,0,0,0,0,0,0,2,46,23,20,0,4,0,0,0,0,0
ASV_28831,0,0,0,0,0,0,0,0,0,0,0,0,0,95,0,0,0,0,0,0,0,0,0
ASV_28936,0,0,0,0,0,0,0,1,0,0,0,0,0,0,0,0,0,0,0,0,0,0,0
ASV_28958,0,0,0,0,0,0,0,4,2,11,4,2,14,14,8,21,5,10,0,0,0,0,0
ASV_28980,0,0,0,0,0,0,0,0,0,0,0,0,0,0,0,0,76,18,0,0,0,0,0
ASV_28985,0,0,0,0,0,0,0,0,0,0,0,0,0,94,0,0,0,0,0,0,0,0,0
ASV_29000,0,0,0,0,0,0,0,0,0,0,0,0,0,0,0,0,0,0,0,0,0,0,94
ASV_29033,39,11,10,9,23,0,0,0,0,0,0,0,0,0,0,0,0,0,0,0,0,0,0
ASV_29107,0,1,0,0,0,93,0,0,0,0,0,0,0,0,0,0,0,0,0,0,0,0,0
ASV_29125,0,0,0,0,0,0,0,0,0,0,0,0,0,19,0,53,0,20,0,0,0,0,0
ASV_29137,0,0,0,0,0,0,0,0,0,0,0,0,0,3,10,7,35,38,0,0,0,0,0
ASV_29186,0,74,0,18,0,0,0,0,0,0,0,0,0,0,0,0,0,0,0,0,0,0,0
ASV_29196,0,0,0,0,0,0,93,0,0,0,0,0,0,0,0,0,0,0,0,0,0,0,0
ASV_29271,0,0,0,0,0,0,1,31,0,0,0,0,0,0,0,0,0,0,0,0,0,0,0
ASV_29278,0,0,0,0,0,0,0,0,0,0,0,0,0,30,47,1,6,8,0,0,0,0,0
ASV_29379,0,0,0,0,0,2,2,3,16,6,18,5,23,0,0,0,0,0,0,0,0,0,0
ASV_29410,0,0,0,0,0,0,5,0,0,0,0,0,0,0,0,0,0,0,0,0,0,0,0
ASV_29432,0,0,0,0,0,0,0,0,0,0,0,0,0,0,22,0,67,2,0,0,0,0,0
ASV_29515,0,0,0,0,0,0,0,0,24,26,16,6,19,0,0,0,0,0,0,0,0,0,0
ASV_29524,0,0,0,0,3,0,88,0,0,0,0,0,0,0,0,0,0,0,0,0,0,0,0
ASV_29547,0,0,0,0,0,0,0,0,0,0,0,0,0,0,1,0,0,0,0,0,0,0,90
ASV_29555,0,0,0,0,0,0,0,0,0,0,0,0,0,0,85,0,0,4,0,0,0,0,0
ASV_29623,0,0,0,0,0,0,0,0,4,1,5,2,9,9,14,7,24,3,0,0,0,0,0
ASV_29630,0,0,0,0,0,18,15,7,0,0,0,0,0,0,0,0,0,0,0,0,0,0,0
ASV_29636,0,0,0,0,0,6,2,12,0,0,0,0,0,0,0,0,0,0,0,0,0,0,0
ASV_29666,0,0,0,0,0,0,0,0,6,6,11,12,10,0,0,0,0,0,0,0,0,0,0
ASV_29673,0,0,0,0,0,29,61,0,0,0,0,0,0,0,0,0,0,0,0,0,0,0,0
ASV_29756,0,0,0,0,0,0,0,0,7,13,13,2,18,0,0,1,0,0,0,0,0,0,0
ASV_29834,0,0,0,0,0,0,0,88,0,0,0,0,0,0,0,0,0,0,0,0,0,0,0
ASV_29875,0,0,0,0,0,0,0,0,9,26,17,15,18,0,0,0,0,0,0,0,0,0,0
ASV_29901,0,0,0,0,0,0,88,0,0,0,0,0,0,0,0,0,0,0,0,0,0,0,0
ASV_29983,0,0,0,0,0,0,0,0,0,0,0,0,0,24,8,19,33,4,0,0,0,0,0
ASV_30008,0,0,0,0,0,0,0,0,0,0,0,0,0,0,0,0,0,0,0,0,0,0,87
ASV_30014,0,0,0,0,0,0,0,0,3,0,0,0,0,0,0,0,0,0,0,0,0,0,0
ASV_30124,0,0,0,0,0,0,0,0,12,8,8,14,24,0,0,1,3,0,0,0,0,0,0
ASV_30140,0,0,0,0,0,3,0,0,0,0,0,0,0,0,0,0,0,0,0,0,0,0,0
ASV_30175,0,1,0,0,0,0,0,0,0,0,0,0,0,0,0,0,1,0,0,0,0,0,0
ASV_30204,28,2,16,0,3,0,0,0,0,0,0,0,0,5,0,2,0,0,0,0,0,0,0
ASV_30239,0,0,0,0,0,0,3,0,0,0,5,2,0,0,0,2,0,0,0,0,0,0,0
ASV_30313,0,0,0,0,0,0,0,0,0,0,0,0,0,0,0,0,0,0,0,0,0,0,86
ASV_30334,0,0,0,0,0,0,0,0,0,0,0,0,0,23,40,1,10,11,0,0,0,0,0
ASV_30348,0,0,0,0,0,0,0,0,0,0,0,0,0,0,0,0,0,0,0,0,85,0,0
ASV_30373,0,0,0,0,0,85,0,0,0,0,0,0,0,0,0,0,0,0,0,0,0,0,0
ASV_30462,0,0,0,0,0,0,0,0,0,0,0,0,0,0,64,0,0,21,0,0,0,0,0
ASV_30492,0,0,0,0,0,0,0,0,0,0,2,1,3,0,0,0,0,0,0,0,0,0,0
ASV_30544,0,4,0,0,0,0,0,74,0,0,0,0,0,0,0,0,0,0,0,0,0,0,0
ASV_30585,0,0,0,0,0,0,0,0,52,0,6,0,0,0,0,0,0,0,0,0,0,0,0
ASV_30733,0,0,0,0,0,0,82,0,0,0,0,0,0,0,0,0,0,0,0,0,0,0,0
ASV_30756,0,0,0,0,0,0,0,0,0,0,0,0,0,0,0,0,0,0,0,0,0,0,83
ASV_30762,0,0,0,0,0,0,0,0,0,0,0,0,0,0,0,0,1,0,0,0,0,0,0
ASV_30774,0,0,0,0,10,0,0,0,7,10,9,5,6,9,10,1,3,0,0,0,0,0,0
ASV_30877,0,0,0,0,0,9,8,9,0,0,0,0,0,0,0,0,0,0,0,0,0,0,0
ASV_30881,0,0,0,0,0,0,0,0,1,0,0,0,0,0,0,0,0,0,0,0,0,0,0
ASV_30890,0,0,0,0,0,0,0,0,17,0,31,26,8,0,0,0,0,0,0,0,0,0,0
ASV_30893,81,1,0,0,0,0,0,0,0,0,0,0,0,0,0,0,0,0,0,0,0,0,0
ASV_30914,0,0,0,0,0,0,0,0,0,0,0,0,0,0,0,0,0,0,0,0,0,0,82
ASV_30921,0,0,0,0,0,0,0,0,6,0,34,0,42,0,0,0,0,0,0,0,0,0,0
ASV_31015,0,0,0,27,0,0,0,0,0,0,0,0,0,0,0,0,0,0,0,0,0,0,0
ASV_31025,0,0,0,0,0,2,16,2,0,0,0,0,0,0,0,0,0,0,0,0,0,0,0
ASV_31040,0,0,0,0,2,0,79,0,0,0,0,0,0,0,0,0,0,0,0,0,0,0,0
ASV_31052,0,0,0,0,0,0,0,0,0,0,0,0,0,16,27,8,30,0,0,0,0,0,0
ASV_31071,0,0,0,0,0,0,0,0,0,0,0,0,0,81,0,0,0,0,0,0,0,0,0
ASV_31082,0,0,0,0,0,1,0,0,0,0,0,0,0,0,0,0,0,0,0,0,0,0,0
ASV_31122,15,4,0,2,2,0,0,0,0,0,0,0,0,0,0,0,0,0,0,0,0,0,0
ASV_31143,0,1,0,0,0,30,3,3,0,0,0,0,0,0,0,0,0,0,0,0,0,0,0
ASV_31205,0,0,0,0,0,0,0,0,0,0,0,0,0,0,0,0,0,8,0,0,0,0,0
ASV_31259,0,0,0,0,0,0,0,0,0,0,0,0,0,0,19,0,40,0,0,0,0,1,0
ASV_31266,0,0,0,0,0,0,0,0,38,9,12,6,15,0,0,0,0,0,0,0,0,0,0
ASV_31298,0,0,0,0,0,6,2,0,0,0,0,0,0,0,0,0,0,0,0,0,0,0,0
ASV_31313,0,0,0,0,0,0,0,0,0,0,0,0,0,0,0,0,79,0,0,0,0,0,0
ASV_31318,0,0,0,0,0,1,0,0,0,0,0,0,0,0,0,0,0,0,0,0,0,0,0
ASV_31328,1,3,70,3,2,0,0,0,0,0,0,0,0,0,0,0,0,0,0,0,0,0,0
ASV_31331,0,0,0,0,0,1,0,2,0,1,0,0,0,0,0,2,0,0,3,2,1,0,1
ASV_31334,0,0,0,0,0,0,0,4,0,0,0,0,0,18,11,12,15,15,0,0,0,0,0
ASV_31366,0,0,0,0,0,0,0,0,0,0,0,0,0,0,0,0,72,7,0,0,0,0,0
ASV_31450,0,0,0,0,0,0,0,0,0,0,0,0,0,0,0,0,0,0,0,0,0,1,0
ASV_31510,0,0,0,0,0,0,0,0,0,0,0,0,0,35,29,11,1,2,0,0,0,0,0
ASV_31541,0,0,0,0,0,0,0,0,0,0,0,0,0,0,0,0,0,0,72,6,0,0,0
ASV_31547,0,0,0,0,0,0,6,0,0,0,0,0,0,0,0,0,0,0,0,0,0,0,0
ASV_31550,0,0,0,12,0,0,0,0,0,0,0,0,0,0,0,0,0,0,0,0,0,0,0
ASV_31581,0,1,0,0,0,0,0,77,0,0,0,0,0,0,0,0,0,0,0,0,0,0,0
ASV_31631,0,0,0,0,0,0,0,0,0,0,0,0,0,0,1,0,8,1,0,0,0,0,0
ASV_31632,0,0,0,0,0,0,0,0,2,4,2,6,0,0,0,0,0,0,0,0,0,0,0
ASV_31654,0,0,0,0,0,0,1,0,0,0,0,0,0,0,0,0,0,0,0,0,0,0,0
ASV_31677,0,0,0,0,0,0,0,0,18,13,6,2,22,0,0,0,0,0,0,0,0,0,0
ASV_31700,0,0,0,0,0,0,6,0,0,0,0,0,0,0,0,0,0,0,0,0,0,0,0
ASV_31725,0,0,0,0,0,0,0,0,0,0,0,0,0,1,2,0,0,0,0,0,0,0,0
ASV_31821,0,0,0,1,0,45,0,31,0,0,0,0,0,0,0,0,0,0,0,0,0,0,0
ASV_31831,0,0,0,0,0,0,0,0,11,4,19,10,22,0,0,0,0,0,0,0,0,0,0
ASV_31837,0,0,0,0,0,0,0,0,0,0,0,0,0,0,0,0,0,0,0,0,0,77,0
ASV_31986,0,0,0,0,0,0,0,0,0,0,0,0,0,7,4,6,56,3,0,0,0,0,0
ASV_32002,0,0,0,0,0,0,0,0,1,2,2,7,6,0,0,0,0,0,0,0,0,0,0
ASV_32036,0,0,0,0,0,1,0,0,0,0,0,0,0,11,22,5,20,10,0,0,0,0,0
ASV_32038,0,0,0,0,0,2,0,0,0,0,0,4,0,0,1,0,2,1,7,6,6,16,16
ASV_32209,0,0,0,0,0,0,0,0,25,3,6,8,33,0,0,0,0,0,0,0,0,0,0
ASV_32252,0,0,0,0,0,0,0,0,0,0,0,0,0,0,24,43,2,5,0,0,0,0,0
ASV_32255,0,0,0,0,0,0,0,0,0,0,0,0,0,24,19,0,14,17,0,0,0,0,0
ASV_32263,0,0,0,0,0,0,0,14,0,0,0,0,0,0,0,0,0,0,0,0,0,0,0
ASV_32380,0,0,0,0,0,0,7,0,0,0,0,0,0,0,0,0,0,0,0,0,0,0,0
ASV_32437,0,0,0,0,0,1,71,1,0,0,0,0,0,0,0,0,0,0,0,0,0,0,0
ASV_32452,0,0,0,0,0,0,0,0,1,0,1,2,0,2,23,2,26,14,0,1,0,0,0
ASV_32541,0,0,0,0,0,0,0,0,13,11,16,9,20,2,0,0,0,0,0,0,0,0,0
ASV_32549,0,0,0,0,0,0,0,0,0,0,0,0,0,0,70,0,0,3,0,0,0,0,0
ASV_32602,0,0,0,0,0,0,0,0,0,0,0,0,0,71,0,0,1,0,0,0,0,0,0
ASV_32631,0,0,0,0,0,0,3,0,0,0,0,0,0,0,0,0,0,0,0,0,0,0,0
ASV_32635,0,0,0,0,0,0,0,72,0,0,0,0,0,0,0,0,0,0,0,0,0,0,0
ASV_32646,0,0,0,0,0,0,0,0,6,58,0,3,5,0,0,0,0,0,0,0,0,0,0
ASV_32658,0,0,0,0,0,0,0,0,0,0,0,0,0,11,12,32,17,0,0,0,0,0,0
ASV_32666,0,0,0,0,0,0,0,0,23,9,12,4,24,0,0,0,0,0,0,0,0,0,0
ASV_32680,0,0,0,0,0,0,0,0,22,7,6,14,22,0,0,1,0,0,0,0,0,0,0
ASV_32707,0,0,0,0,0,0,0,0,0,0,0,1,0,0,0,0,0,0,0,0,0,0,0
ASV_32812,0,0,0,0,0,0,0,0,1,32,7,10,21,0,0,0,0,0,0,0,0,0,0
ASV_32814,0,0,0,0,1,0,0,0,0,0,0,0,0,0,0,0,0,0,0,0,0,0,0
ASV_32863,0,0,0,0,1,0,0,0,0,0,0,0,0,0,0,0,0,0,0,0,0,0,0
ASV_32891,0,3,0,0,0,0,0,0,0,0,0,0,0,0,0,0,0,0,0,0,0,0,0
ASV_32896,0,0,0,0,0,0,0,0,0,0,0,0,0,13,26,4,20,8,0,0,0,0,0
ASV_32936,0,0,0,0,0,0,0,0,0,0,0,0,0,5,11,19,24,12,0,0,0,0,0
ASV_32991,0,0,0,0,0,0,0,0,12,4,10,2,12,2,0,2,0,3,0,0,0,0,0
ASV_32993,1,2,0,0,0,68,0,0,0,0,0,0,0,0,0,0,0,0,0,0,0,0,0
ASV_33044,0,0,0,0,0,1,0,1,0,0,0,0,0,18,21,8,10,10,0,0,0,0,1
ASV_33063,0,0,0,0,0,0,0,0,0,0,0,0,0,0,0,0,0,0,69,0,0,0,0
ASV_33089,0,0,0,0,2,0,0,0,0,0,0,0,0,0,0,0,0,0,0,0,0,0,0
ASV_33107,0,0,0,0,0,0,0,0,24,16,13,1,7,0,0,0,0,0,0,0,0,0,0
ASV_33143,0,0,0,0,0,0,0,0,5,5,2,0,1,0,0,0,0,0,0,0,0,0,0
ASV_33157,0,0,0,0,0,0,0,0,0,0,0,0,0,10,2,14,34,10,0,0,0,0,0
ASV_33241,0,0,0,0,0,0,0,0,0,0,0,0,0,7,8,3,28,12,0,0,0,0,0
ASV_33243,0,0,0,0,0,0,0,0,0,0,0,0,0,58,0,0,0,11,0,0,0,0,0
ASV_33303,0,0,0,0,0,2,4,9,0,0,0,0,0,0,0,0,0,0,0,0,0,0,0
ASV_33318,0,0,0,0,0,18,14,34,0,0,0,0,0,0,0,0,0,0,0,0,0,0,0
ASV_33390,0,0,0,0,0,0,0,0,22,5,0,0,6,7,4,7,10,7,0,0,0,0,0
ASV_33400,0,0,0,0,0,0,0,0,0,0,0,0,0,26,24,0,18,0,0,0,0,0,0
ASV_33453,27,0,0,0,0,0,0,0,0,0,0,0,0,0,0,0,0,0,0,0,0,0,0
ASV_33461,0,2,0,0,0,0,0,66,0,0,0,0,0,0,0,0,0,0,0,0,0,0,0
ASV_33476,0,0,0,0,0,37,0,0,0,0,0,0,0,0,0,0,0,0,0,0,0,0,0
ASV_33484,0,0,0,0,0,0,0,0,0,0,0,0,0,0,0,17,0,0,0,0,0,0,0
ASV_33658,0,0,0,0,0,0,0,0,6,0,4,6,2,0,0,0,0,0,0,0,0,0,0
ASV_33708,0,0,0,0,0,0,0,0,0,0,0,0,0,0,0,3,3,0,0,3,5,46,7
ASV_33745,0,0,0,0,0,0,0,0,8,8,2,8,3,0,0,0,0,0,0,0,0,0,0
ASV_33768,0,0,0,0,0,0,0,0,0,0,0,0,0,0,62,0,0,5,0,0,0,0,0
ASV_33792,0,0,0,0,0,0,0,0,0,0,0,0,0,0,0,0,0,0,0,0,0,67,0
ASV_33819,0,0,0,0,1,0,0,0,0,0,2,0,0,0,0,0,0,0,0,0,0,0,0
ASV_33849,0,0,0,0,0,0,0,0,9,20,9,7,13,1,1,4,2,0,0,0,0,0,0
ASV_33872,0,0,0,0,0,0,0,6,0,0,0,0,0,0,0,0,0,0,0,0,0,0,0
ASV_33897,0,0,0,0,0,0,0,0,0,0,0,0,0,18,0,0,48,0,0,0,0,0,0
ASV_33900,0,0,0,0,0,0,0,66,0,0,0,0,0,0,0,0,0,0,0,0,0,0,0
ASV_33925,2,0,1,0,3,0,0,0,0,0,0,0,0,0,0,0,0,0,0,0,0,0,0
ASV_33952,0,0,0,0,0,0,0,0,7,6,8,35,10,0,0,0,0,0,0,0,0,0,0
ASV_33957,0,0,0,0,0,0,0,13,0,0,0,0,0,0,0,0,0,0,0,0,0,0,0
ASV_34005,0,0,0,0,0,0,0,0,66,0,0,0,0,0,0,0,0,0,0,0,0,0,0
ASV_34028,0,0,0,0,0,0,0,0,0,0,0,0,0,4,16,29,3,14,0,0,0,0,0
ASV_34084,0,0,0,0,0,0,0,0,26,32,0,0,7,0,0,0,0,0,0,0,0,0,0
ASV_34109,0,0,0,0,0,0,0,9,0,0,0,0,0,0,0,0,0,0,0,0,0,0,0
ASV_34124,0,0,0,0,0,0,0,0,0,0,0,0,0,0,0,0,0,0,59,0,0,2,4
ASV_34125,0,0,0,0,0,0,0,0,0,3,0,0,0,0,0,0,0,0,2,0,0,0,0
ASV_34190,0,0,0,0,0,0,0,0,15,15,10,8,17,0,0,0,0,0,0,0,0,0,0
ASV_34218,0,0,0,0,0,0,0,0,23,7,11,8,5,0,3,2,6,0,0,0,0,0,0
ASV_34272,0,0,0,0,0,0,1,22,0,0,0,0,0,0,0,0,0,0,0,0,0,0,0
ASV_34416,0,0,0,0,0,0,0,0,5,46,4,0,4,0,0,0,0,0,0,0,0,0,0
ASV_34417,0,0,0,0,0,0,0,0,8,7,21,0,28,0,0,0,0,0,0,0,0,0,0
ASV_34429,0,0,0,0,0,0,0,0,9,3,3,6,6,0,0,0,0,0,0,0,0,0,0
ASV_34452,0,0,0,0,0,0,3,27,0,0,0,0,0,0,0,0,0,0,0,0,0,0,0
ASV_34459,0,0,0,0,0,8,0,56,0,0,0,0,0,0,0,0,0,0,0,0,0,0,0
ASV_34472,0,0,0,1,0,0,50,0,0,0,0,0,0,0,0,13,0,0,0,0,0,0,0
ASV_34478,0,0,0,0,0,0,0,0,0,0,0,0,0,0,0,63,0,0,0,0,0,0,0
ASV_34507,0,0,0,0,0,0,0,0,0,0,0,0,0,18,40,0,3,2,0,0,0,0,0
ASV_34509,0,0,0,0,0,7,5,0,0,0,0,0,0,0,0,0,0,0,0,0,0,0,0
ASV_34511,0,0,0,0,0,0,0,0,0,0,0,0,0,62,0,0,0,0,0,0,0,0,0
ASV_34586,0,0,0,0,0,0,0,0,0,3,0,0,0,0,0,0,0,0,0,0,0,0,0
ASV_34601,0,0,0,0,0,0,0,0,1,0,0,0,0,0,0,1,0,0,0,0,0,0,0
ASV_34611,0,0,0,6,0,0,0,0,0,0,0,0,0,0,0,0,0,0,0,0,0,0,0
ASV_34708,63,0,0,0,0,0,0,0,0,0,0,0,0,0,0,0,0,0,0,0,0,0,0
ASV_34747,0,0,0,0,0,0,0,0,0,0,0,0,0,1,5,0,54,2,0,0,0,0,0
ASV_34748,0,0,0,0,0,0,0,0,0,0,0,0,0,39,0,0,0,23,0,0,0,0,0
ASV_34750,0,0,0,2,0,55,0,0,0,0,0,0,0,0,0,0,0,0,0,0,0,0,0
ASV_34755,0,0,0,0,0,0,7,0,0,0,0,0,0,0,0,0,0,0,0,0,0,0,0
ASV_34815,0,0,0,0,0,2,4,0,0,0,0,0,0,0,0,0,0,0,0,0,0,0,0
ASV_34837,0,1,0,0,0,0,61,0,0,0,0,0,0,0,0,0,0,0,0,0,0,0,0
ASV_34880,0,0,0,0,0,0,21,41,0,0,0,0,0,0,0,0,0,0,0,0,0,0,0
ASV_34914,0,0,0,0,0,0,0,0,0,0,0,0,0,0,0,0,0,0,0,0,0,62,0
ASV_34923,0,0,0,0,0,0,0,0,0,0,0,0,62,0,0,0,0,0,0,0,0,0,0
ASV_34938,0,0,0,0,0,0,0,0,1,0,2,12,7,0,0,0,0,0,0,0,0,0,0
ASV_34940,0,3,0,0,0,8,3,48,0,0,0,0,0,0,0,0,0,0,0,0,0,0,0
ASV_34984,0,0,0,0,0,61,0,0,0,0,0,0,0,0,0,0,0,0,0,0,0,0,0
ASV_35044,0,0,0,0,0,0,0,17,0,0,0,0,0,0,0,0,0,0,0,0,0,0,0
ASV_35074,0,0,0,0,0,0,33,0,0,0,0,0,0,0,0,0,0,0,0,0,0,0,0
ASV_35085,0,1,0,0,0,0,6,8,0,0,0,0,0,0,0,0,0,0,0,0,0,0,0
ASV_35089,0,0,0,0,0,0,0,0,0,0,0,0,0,0,22,18,6,15,0,0,0,0,0
ASV_35140,0,0,0,38,0,0,0,0,0,0,0,0,0,0,0,0,0,0,0,0,0,0,0
ASV_35152,0,1,0,0,0,0,0,0,0,0,0,0,0,0,0,0,0,0,0,0,0,0,0
ASV_35186,0,0,0,0,0,0,61,0,0,0,0,0,0,0,0,0,0,0,0,0,0,0,0
ASV_35190,0,3,0,0,0,0,0,58,0,0,0,0,0,0,0,0,0,0,0,0,0,0,0
ASV_35193,0,0,0,0,0,0,0,0,10,14,13,7,8,3,0,5,0,0,0,0,0,0,0
ASV_35194,0,0,0,0,0,0,0,0,0,0,0,0,0,23,8,1,29,0,0,0,0,0,0
ASV_35335,0,0,0,0,0,5,0,2,0,0,0,0,0,0,0,0,0,0,0,0,0,0,0
ASV_35369,0,0,0,0,0,0,0,0,0,0,0,0,0,0,0,0,0,0,0,0,0,60,0
ASV_35419,0,3,0,0,0,57,0,0,0,0,0,0,0,0,0,0,0,0,0,0,0,0,0
ASV_35425,0,0,0,0,0,0,0,0,22,14,14,2,7,0,0,0,0,0,0,0,0,0,0
ASV_35447,0,0,0,0,0,0,0,0,0,0,0,0,0,0,0,0,59,0,0,0,0,0,0
ASV_35492,0,0,0,0,0,7,13,2,0,0,0,0,0,0,0,0,0,0,0,0,0,0,0
ASV_35498,0,0,0,0,0,0,0,0,0,0,0,0,0,26,7,5,16,5,0,0,0,0,0
ASV_35577,0,0,0,0,0,0,0,0,0,0,0,0,0,1,1,0,0,0,1,0,1,55,0
ASV_35611,0,0,0,0,0,0,0,0,21,0,4,6,17,0,0,0,0,0,0,0,0,0,0
ASV_35650,0,0,0,0,0,1,0,0,2,1,0,2,0,1,4,0,1,0,7,2,14,9,3
ASV_35661,0,0,0,0,0,0,0,0,0,0,0,0,0,0,0,0,0,58,0,0,0,0,0
ASV_35678,0,0,0,0,0,3,0,0,0,0,0,0,0,0,0,0,0,0,0,0,0,0,0
ASV_35706,0,0,0,0,0,57,0,0,0,0,0,0,0,0,0,0,0,0,0,0,0,0,0
ASV_35732,0,0,0,0,0,58,0,0,0,0,0,0,0,0,0,0,0,0,0,0,0,0,0
ASV_35733,0,0,0,0,0,0,0,0,0,0,0,1,0,0,0,0,0,0,0,0,0,0,0
ASV_35772,0,0,0,0,0,0,0,0,0,0,0,0,0,0,0,0,0,58,0,0,0,0,0
ASV_35780,0,0,0,0,0,0,0,38,0,0,0,0,0,0,0,0,0,0,0,0,0,0,0
ASV_35806,0,0,0,0,0,0,0,0,0,0,0,0,0,0,0,54,0,4,0,0,0,0,0
ASV_35834,0,0,0,0,0,0,0,0,0,0,3,0,0,0,0,0,0,0,0,0,0,0,0
ASV_35861,0,0,0,0,0,0,0,0,0,0,0,0,0,0,0,0,58,0,0,0,0,0,0
ASV_35875,0,0,0,0,0,0,0,0,0,0,0,0,0,0,0,0,1,55,0,0,0,0,0
ASV_35887,0,0,57,0,0,0,0,0,0,0,0,0,0,0,0,0,0,0,0,0,0,0,0
ASV_35947,0,0,0,0,0,0,0,0,0,0,0,0,0,0,0,0,0,0,7,20,11,14,5
ASV_35970,0,0,2,3,0,0,0,0,0,0,0,0,0,0,0,0,0,0,0,0,0,0,0
ASV_36033,0,0,0,0,0,0,0,0,4,10,5,0,7,6,20,0,0,4,0,0,0,0,0
ASV_36088,0,0,0,0,0,8,0,5,0,0,0,0,0,0,0,0,0,0,0,0,0,0,0
ASV_36293,0,3,0,0,2,0,0,0,0,0,0,0,0,0,0,0,0,0,0,0,0,0,0
ASV_36305,0,0,0,0,0,0,0,0,0,0,0,56,0,0,0,0,0,0,0,0,0,0,0
ASV_36367,0,0,0,0,0,0,0,0,0,0,0,0,0,0,3,0,0,0,0,0,0,0,0
ASV_36435,0,0,0,0,0,0,0,55,0,0,0,0,0,0,0,0,0,0,0,0,0,0,0
ASV_36474,0,0,0,0,0,0,0,0,12,3,4,15,18,0,3,0,0,0,0,0,0,0,0
ASV_36510,0,0,0,0,0,0,0,0,17,4,19,6,9,0,0,0,0,0,0,0,0,0,0
ASV_36566,0,0,0,0,0,0,0,0,0,0,1,0,0,0,0,0,0,0,0,0,0,0,0
ASV_36604,0,0,0,0,0,0,0,0,18,1,5,16,7,0,0,0,0,0,0,0,0,0,0
ASV_36621,0,0,0,0,0,0,0,0,0,0,0,0,0,32,9,3,10,0,0,0,0,0,0
ASV_36662,0,0,0,0,0,0,2,3,0,0,0,0,0,0,0,0,0,0,0,0,0,0,0
ASV_36674,0,2,0,0,0,0,0,0,3,0,0,0,0,0,0,0,0,0,0,0,0,0,0
ASV_36699,0,0,0,0,0,0,0,0,0,0,0,0,0,0,0,0,0,0,1,2,1,48,2
ASV_36700,0,0,0,0,0,0,0,0,0,0,0,0,0,0,0,0,0,0,1,0,0,53,0
ASV_36745,0,0,0,0,0,15,14,25,0,0,0,0,0,0,0,0,0,0,0,0,0,0,0
ASV_36796,0,0,0,0,0,0,2,9,0,0,0,0,0,0,0,0,0,0,0,0,0,0,0
ASV_36842,0,0,0,0,0,0,0,0,3,9,14,9,19,0,0,0,0,0,0,0,0,0,0
ASV_36938,0,0,0,0,0,2,0,0,0,0,0,0,5,0,0,0,0,0,0,0,0,0,0
ASV_36955,0,0,0,0,0,0,0,0,53,0,0,0,0,0,0,0,0,0,0,0,0,0,0
ASV_36960,14,5,0,0,6,0,0,0,0,0,0,0,0,0,0,0,0,0,0,0,0,0,0
ASV_36962,0,0,0,0,0,0,0,0,11,2,10,9,10,0,2,0,3,2,0,0,0,0,0
ASV_36967,0,0,0,0,0,0,40,0,0,0,0,0,0,0,0,0,0,0,0,0,0,0,0
ASV_37067,0,0,0,0,0,0,0,0,0,0,0,0,0,10,14,14,15,0,0,0,0,0,0
ASV_37120,0,0,0,0,0,0,0,2,0,0,2,0,4,0,0,0,0,0,0,0,0,0,0
ASV_37121,1,0,0,0,0,0,1,0,1,1,0,1,0,0,0,0,0,0,0,0,0,0,0
ASV_37149,0,0,0,0,0,0,0,0,0,0,0,0,0,19,23,0,4,6,0,0,0,0,0
ASV_37211,0,0,0,0,0,0,0,0,0,3,3,8,0,0,0,0,0,0,0,0,0,0,0
ASV_37255,0,0,0,0,0,0,0,0,0,0,0,0,0,0,0,0,0,0,1,0,9,3,38
ASV_37263,0,0,0,0,0,0,0,0,13,5,5,3,14,3,0,2,0,0,0,0,0,0,0
ASV_37285,0,0,0,0,0,0,0,0,0,0,0,0,0,5,47,0,0,0,0,0,0,0,0
ASV_37289,0,0,0,0,0,0,0,0,0,0,0,0,0,21,19,2,3,7,0,0,0,0,0
ASV_37298,0,0,0,0,0,15,0,7,0,0,0,0,0,0,0,0,0,0,0,0,0,0,0
ASV_37311,0,0,0,0,0,0,0,0,19,5,5,11,3,0,0,0,0,0,0,0,0,0,0
ASV_37339,0,0,0,0,0,0,0,0,2,0,0,0,1,0,0,0,0,0,0,0,0,0,0
ASV_37392,0,4,0,0,0,0,9,0,0,0,0,0,0,0,0,0,0,0,0,0,0,0,0
ASV_37409,0,4,0,0,0,44,0,0,4,0,0,0,0,0,0,0,0,0,0,0,0,0,0
ASV_37604,0,0,0,0,0,0,6,0,0,0,0,0,0,0,0,0,0,0,0,0,0,0,0
ASV_37633,0,0,0,0,0,0,0,0,0,0,0,0,0,1,0,0,0,0,4,4,4,20,16
ASV_37648,0,0,0,0,0,0,0,0,0,0,0,0,0,0,51,0,0,0,0,0,0,0,0
ASV_37669,0,0,0,0,0,0,0,0,3,1,6,7,6,0,0,0,0,0,0,0,0,0,0
ASV_37697,0,0,0,0,0,0,0,0,0,0,0,0,0,19,1,5,11,0,0,0,0,0,0
ASV_37722,0,0,0,0,0,0,0,0,0,0,0,0,0,15,2,5,28,0,0,0,0,0,0
ASV_37736,0,0,0,0,0,0,0,0,0,0,0,0,0,0,38,0,0,12,0,0,0,0,0
ASV_37741,0,0,0,0,0,0,0,0,0,0,0,0,0,10,3,12,17,8,0,0,0,0,0
ASV_37753,0,0,0,0,0,0,0,0,0,0,0,0,0,21,24,0,5,0,0,0,0,0,0
ASV_37840,0,0,0,0,0,0,0,50,0,0,0,0,0,0,0,0,0,0,0,0,0,0,0
ASV_37870,0,0,0,0,0,0,0,0,0,0,0,0,0,9,19,15,4,3,0,0,0,0,0
ASV_37900,0,0,0,0,0,3,11,2,0,0,0,0,0,0,0,0,0,0,0,0,0,0,0
ASV_37910,0,0,0,0,0,0,0,0,0,0,0,0,0,0,50,0,0,0,0,0,0,0,0
ASV_37912,0,0,0,0,0,0,0,23,0,0,0,0,0,0,0,0,0,0,0,0,0,0,0
ASV_37962,0,0,0,0,0,0,0,0,0,0,0,0,0,0,0,0,50,0,0,0,0,0,0
ASV_37990,0,0,0,0,0,0,0,0,0,4,1,0,0,0,0,0,0,0,0,0,0,0,0
ASV_37999,0,0,0,0,0,0,0,0,0,0,0,0,0,12,28,0,4,5,0,0,0,0,0
ASV_38086,0,0,0,0,0,0,0,2,0,0,0,0,0,0,0,0,0,0,0,0,0,0,0
ASV_38105,0,0,0,0,0,0,0,0,0,0,0,0,0,0,4,0,0,0,0,0,0,0,0
ASV_38107,0,0,0,0,0,0,0,0,0,0,0,0,0,42,4,0,0,3,0,0,0,0,0
ASV_38133,0,0,0,0,0,0,0,12,0,0,0,0,0,0,0,0,0,0,0,0,0,0,0
ASV_38168,0,0,0,0,0,0,0,0,4,0,0,3,0,0,0,0,0,0,0,0,0,0,0
ASV_38240,0,0,0,0,0,0,0,0,0,40,5,0,4,0,0,0,0,0,0,0,0,0,0
ASV_38269,0,0,0,0,0,13,0,6,0,0,0,0,0,0,0,0,0,0,0,0,0,0,0
ASV_38279,0,0,0,0,0,0,0,0,0,0,0,0,0,0,0,0,0,0,49,0,0,0,0
ASV_38326,0,0,0,0,0,0,0,0,0,0,0,0,0,48,0,0,0,0,0,0,0,0,0
ASV_38373,0,0,0,0,0,2,7,13,2,5,5,0,3,4,0,0,5,0,0,0,0,0,0
ASV_38452,0,0,0,0,0,0,0,4,0,0,0,0,0,0,21,2,7,14,0,0,0,0,0
ASV_38533,0,0,0,0,0,0,0,0,0,10,0,0,3,0,0,0,0,0,0,0,0,0,0
ASV_38555,0,0,0,0,0,0,0,0,0,0,0,0,0,0,0,0,0,0,0,0,0,48,0
ASV_38572,0,0,0,0,0,0,0,0,0,0,0,0,0,0,0,0,0,0,0,0,0,48,0
ASV_38584,0,0,0,0,0,0,0,0,0,6,1,2,8,0,0,0,0,0,0,0,0,0,0
ASV_38620,0,0,0,0,0,0,0,0,0,0,0,0,0,2,42,1,2,0,0,0,0,0,0
ASV_38670,0,0,0,0,0,0,0,0,7,3,8,8,21,0,0,0,0,0,0,0,0,0,0
ASV_38685,0,0,0,0,0,0,0,0,2,0,0,3,3,8,13,7,8,3,0,0,0,0,0
ASV_38715,0,0,0,0,0,0,0,0,0,0,0,0,0,0,0,0,0,0,0,47,0,0,0
ASV_38720,0,0,0,0,0,0,3,28,0,0,0,0,0,0,0,0,0,0,0,0,0,0,0
ASV_38755,0,0,0,0,0,1,0,0,4,6,0,4,1,0,0,3,0,0,0,0,0,0,0
ASV_38766,0,0,0,0,0,0,0,0,0,0,3,2,0,0,0,0,0,0,0,0,0,0,0
ASV_38769,0,0,0,0,0,13,11,0,0,0,0,0,0,0,0,0,0,0,0,0,0,0,0
ASV_38838,0,0,0,0,0,0,0,0,0,0,0,0,0,0,0,0,0,0,0,0,0,0,47
ASV_38865,0,0,0,0,0,0,0,0,0,0,0,0,0,0,18,8,5,4,0,0,0,0,0
ASV_38949,0,0,0,0,0,0,0,46,0,0,0,0,0,0,0,0,0,0,0,0,0,0,0
ASV_38980,0,0,0,0,0,3,3,3,0,0,0,0,0,0,0,0,0,0,0,0,0,0,0
ASV_39023,0,0,0,0,0,0,0,7,0,0,0,3,0,0,0,0,0,0,0,0,0,0,0
ASV_39025,0,0,0,0,0,0,0,0,19,7,9,7,4,0,0,0,0,0,0,0,0,0,0
ASV_39054,0,0,0,0,0,0,0,0,9,0,3,33,1,0,0,0,0,0,0,0,0,0,0
ASV_39086,0,0,0,0,0,0,0,0,0,0,0,0,0,22,0,4,20,0,0,0,0,0,0
ASV_39119,0,0,0,0,0,0,0,0,9,7,2,6,7,0,0,0,0,0,0,0,0,0,0
ASV_39175,0,0,0,0,0,0,0,0,0,0,0,0,0,0,0,0,0,0,0,0,0,46,0
ASV_39176,0,0,0,0,0,0,0,0,0,0,0,0,0,0,0,0,0,0,0,0,0,46,0
ASV_39232,0,0,0,0,0,0,0,0,0,0,0,0,0,0,0,0,45,0,0,0,0,0,0
ASV_39239,0,0,0,0,0,0,44,1,0,0,0,0,0,0,0,0,0,0,0,0,0,0,0
ASV_39310,0,0,0,0,0,0,0,0,0,3,0,39,3,0,0,0,0,0,0,0,0,0,0
ASV_39321,0,0,0,0,0,0,2,2,3,0,0,0,0,0,0,0,0,0,0,0,0,0,0
ASV_39359,0,0,0,0,0,1,15,0,0,0,0,0,0,0,0,0,0,0,0,0,0,0,0
ASV_39361,0,0,0,0,0,0,0,0,0,0,0,0,0,0,0,45,0,0,0,0,0,0,0
ASV_39463,0,0,0,0,0,0,0,0,0,0,0,0,0,0,0,0,0,0,0,0,0,0,45
ASV_39530,0,0,0,0,0,0,0,0,0,0,0,0,0,29,0,0,0,15,0,0,0,0,0
ASV_39542,0,0,0,0,0,0,0,0,16,0,28,0,0,0,0,0,0,0,0,0,0,0,0
ASV_39611,0,0,0,0,0,0,0,0,0,0,0,0,0,8,12,12,3,9,0,0,0,0,0
ASV_39642,0,0,0,0,0,0,0,0,0,0,0,3,1,0,0,0,0,0,0,0,0,0,0
ASV_39680,0,0,0,0,0,5,5,7,0,0,0,0,0,0,0,0,0,0,0,0,0,0,0
ASV_39710,0,0,0,0,0,0,0,0,0,0,0,0,0,40,0,0,4,0,0,0,0,0,0
ASV_39721,0,0,0,0,0,0,0,0,0,0,0,0,0,11,12,3,8,10,0,0,0,0,0
ASV_39766,0,0,0,0,0,0,0,0,1,3,6,4,2,0,0,0,0,0,0,0,0,0,0
ASV_39775,0,0,0,0,0,0,0,0,0,0,0,0,0,1,17,7,11,8,0,0,0,0,0
ASV_39828,0,0,0,0,0,0,0,0,4,11,0,0,0,7,2,9,3,8,0,0,0,0,0
ASV_39865,0,0,0,0,0,0,0,0,0,0,0,0,0,13,8,2,16,5,0,0,0,0,0
ASV_39899,0,0,0,0,0,0,0,0,0,0,0,0,0,15,21,0,3,4,0,0,0,0,0
ASV_39914,0,0,0,0,0,0,0,0,0,0,0,0,0,7,22,6,8,0,0,0,0,0,0
ASV_39922,0,0,0,0,0,2,2,1,0,0,0,0,0,0,0,0,0,0,0,0,0,0,0
ASV_39928,0,0,0,0,0,0,0,0,7,5,7,12,12,0,0,0,0,0,0,0,0,0,0
ASV_39973,0,0,0,0,0,0,0,0,2,26,0,13,2,0,0,0,0,0,0,0,0,0,0
ASV_40152,0,0,0,0,0,0,2,16,0,0,0,0,0,0,0,0,0,0,0,0,0,0,0
ASV_40157,0,0,0,0,0,0,0,0,0,0,0,0,0,6,7,0,16,14,0,0,0,0,0
ASV_40234,0,0,0,0,0,0,42,0,0,0,0,0,0,0,0,0,0,0,0,0,0,0,0
ASV_40329,0,0,0,0,0,0,0,42,0,0,0,0,0,0,0,0,0,0,0,0,0,0,0
ASV_40391,0,0,0,0,0,0,0,0,13,1,2,14,12,0,0,0,0,0,0,0,0,0,0
ASV_40406,0,0,0,0,0,0,0,0,0,0,0,0,0,6,4,2,30,0,0,0,0,0,0
ASV_40491,0,0,0,0,0,0,0,0,0,0,0,0,0,33,3,1,2,3,0,0,0,0,0
ASV_40510,0,0,0,0,0,0,0,0,0,0,0,0,0,0,0,0,0,0,0,0,0,42,0
ASV_40535,0,0,0,42,0,0,0,0,0,0,0,0,0,0,0,0,0,0,0,0,0,0,0
ASV_40553,0,0,0,0,0,0,0,0,0,0,0,0,0,0,17,4,21,0,0,0,0,0,0
ASV_40582,0,0,0,0,0,0,0,0,0,41,0,0,0,0,0,0,0,0,0,0,0,0,0
ASV_40596,0,0,0,0,0,0,0,0,0,0,0,0,0,32,0,0,0,9,0,0,0,0,0
ASV_40677,0,0,0,0,0,0,0,0,0,0,0,0,0,0,0,0,0,0,0,0,16,0,25
ASV_40819,0,0,0,0,0,0,13,0,0,0,0,0,0,0,0,0,0,0,0,0,0,0,0
ASV_40853,0,0,0,0,0,0,0,0,14,0,0,0,27,0,0,0,0,0,0,0,0,0,0
ASV_40888,0,0,0,0,0,0,0,0,0,5,2,1,0,0,0,0,0,0,0,0,0,0,0
ASV_40896,0,0,0,0,0,0,0,0,12,9,3,3,8,0,0,0,0,0,0,0,0,0,0
ASV_40907,0,0,0,0,0,0,0,1,11,5,5,2,7,0,0,0,0,0,0,0,0,0,0
ASV_41026,0,0,0,0,0,0,0,0,1,1,1,1,1,0,0,0,0,0,0,0,0,0,0
ASV_41071,0,5,3,31,0,0,0,0,0,0,0,0,0,0,0,0,0,0,0,0,0,0,0
ASV_41096,0,0,0,0,0,0,0,0,0,0,0,0,0,11,0,0,0,0,0,0,0,0,0
ASV_41103,0,1,1,0,0,0,0,0,0,0,0,0,0,7,15,3,13,0,0,0,0,0,0
ASV_41106,0,0,0,0,0,0,0,0,0,0,0,0,0,3,1,11,22,3,0,0,0,0,0
ASV_41134,0,0,0,0,0,0,0,0,0,0,0,0,0,19,0,17,4,0,0,0,0,0,0
ASV_41202,0,0,0,0,0,0,0,0,0,0,0,0,0,0,0,0,2,38,0,0,0,0,0
ASV_41254,0,0,0,0,0,0,0,0,0,0,1,0,0,0,0,0,0,0,0,0,0,0,0
ASV_41270,0,3,0,1,36,0,0,0,0,0,0,0,0,0,0,0,0,0,0,0,0,0,0
ASV_41280,0,0,0,0,0,0,0,0,10,2,14,3,8,2,0,0,0,0,0,0,0,0,0
ASV_41287,0,0,0,0,0,0,0,0,0,0,0,0,0,40,0,0,0,0,0,0,0,0,0
ASV_41290,0,0,0,0,0,0,0,4,0,0,0,0,0,0,0,0,0,0,0,0,0,0,0
ASV_41397,0,0,0,0,0,0,0,0,0,0,0,0,0,0,13,10,4,12,0,0,0,0,0
ASV_41412,0,0,0,0,0,0,0,0,0,0,0,0,0,0,0,0,0,0,0,0,0,39,0
ASV_41418,0,0,0,0,0,0,0,0,0,0,0,0,0,5,31,0,0,3,0,0,0,0,0
ASV_41445,0,0,0,0,0,0,0,0,0,0,0,0,0,0,1,0,0,0,0,0,0,0,0
ASV_41499,0,0,0,0,0,0,0,0,6,1,6,12,11,0,0,0,0,0,0,0,0,0,0
ASV_41509,0,0,0,0,0,0,0,0,4,0,3,0,0,0,0,0,0,0,0,0,0,0,0
ASV_41527,0,0,0,0,0,0,0,0,0,0,0,0,0,0,39,0,0,0,0,0,0,0,0
ASV_41549,0,0,0,0,0,0,0,0,0,0,0,0,0,0,0,0,0,0,0,0,0,0,39
ASV_41610,0,0,0,0,0,0,0,0,0,0,0,0,0,39,0,0,0,0,0,0,0,0,0
ASV_41665,0,0,0,0,0,0,0,38,0,0,0,0,0,0,0,0,0,0,0,0,0,0,0
ASV_41694,0,0,0,0,0,0,0,0,0,0,0,0,6,0,0,0,0,0,0,0,0,0,0
ASV_41723,0,0,0,0,0,0,0,38,0,0,0,0,0,0,0,0,0,0,0,0,0,0,0
ASV_41763,0,0,0,0,0,0,0,0,0,0,0,0,0,3,13,0,5,6,0,0,0,0,0
ASV_41835,0,0,0,0,0,0,0,0,0,0,0,0,0,1,0,37,0,0,0,0,0,0,0
ASV_41841,0,0,0,0,0,0,0,0,0,0,0,0,0,0,0,0,0,0,0,0,0,0,38
ASV_41846,0,0,0,0,0,0,0,0,0,0,0,0,0,0,1,33,0,4,0,0,0,0,0
ASV_41861,0,0,0,0,0,0,0,0,0,0,0,0,6,0,0,0,0,0,0,0,0,0,0
ASV_41874,0,0,0,0,0,3,0,5,0,0,0,0,0,0,0,0,0,0,0,0,0,0,0
ASV_41914,2,0,0,0,0,0,0,0,25,10,1,0,0,0,0,0,0,0,0,0,0,0,0
ASV_42040,0,0,0,0,0,0,0,0,2,0,3,0,0,0,0,0,0,0,0,0,0,0,0
ASV_42052,0,0,0,0,0,0,1,0,0,0,0,0,1,0,6,0,0,0,0,0,0,0,0
ASV_42117,0,0,0,0,0,0,0,0,0,0,0,0,0,8,15,11,0,3,0,0,0,0,0
ASV_42126,0,0,0,0,0,0,0,0,0,0,0,0,0,0,0,0,1,0,0,0,0,0,0
ASV_42141,0,0,0,0,0,0,0,0,0,0,0,0,0,0,0,37,0,0,0,0,0,0,0
ASV_42209,0,0,0,0,0,0,19,0,0,0,0,0,0,0,0,0,0,0,0,0,0,0,0
ASV_42233,0,0,0,0,0,0,0,0,0,0,0,0,0,16,0,16,0,5,0,0,0,0,0
ASV_42244,0,0,0,0,0,0,0,0,1,0,0,3,0,0,0,0,0,0,0,0,0,0,0
ASV_42272,0,0,0,0,0,0,0,0,0,8,0,26,3,0,0,0,0,0,0,0,0,0,0
ASV_42288,0,0,0,0,0,0,0,0,0,1,0,0,1,0,0,0,0,0,0,0,0,0,0
ASV_42379,0,0,0,0,0,0,0,0,10,1,6,3,12,0,0,0,0,0,0,0,0,0,0
ASV_42426,0,0,15,0,0,0,0,0,0,0,0,0,0,0,0,0,0,0,0,0,0,0,0
ASV_42433,0,0,0,0,0,0,0,0,0,0,1,0,0,0,0,0,0,0,0,0,0,0,0
ASV_42456,0,0,0,0,0,0,0,0,0,0,0,0,0,0,17,0,0,19,0,0,0,0,0
ASV_42468,0,2,0,0,0,0,0,34,0,0,0,0,0,0,0,0,0,0,0,0,0,0,0
ASV_42469,0,0,0,0,0,0,0,0,5,0,12,1,7,0,0,0,0,0,0,0,0,0,0
ASV_42471,0,0,0,0,0,0,0,33,0,0,1,2,0,0,0,0,0,0,0,0,0,0,0
ASV_42491,0,0,0,0,0,0,0,0,0,0,1,0,0,0,0,0,0,0,0,0,0,0,0
ASV_42512,0,0,0,0,0,0,0,0,0,0,2,0,0,0,0,0,0,0,0,0,0,0,0
ASV_42563,0,0,0,0,0,0,0,0,0,0,0,0,0,0,0,0,0,0,0,0,0,0,1
ASV_42579,0,0,0,0,0,26,3,7,0,0,0,0,0,0,0,0,0,0,0,0,0,0,0
ASV_42584,0,0,0,0,0,0,0,0,3,4,7,7,4,1,0,0,0,0,0,0,0,0,0
ASV_42585,0,0,0,0,0,0,0,0,0,0,0,0,0,28,0,5,3,0,0,0,0,0,0
ASV_42586,0,0,0,0,0,0,0,0,0,0,0,0,36,0,0,0,0,0,0,0,0,0,0
ASV_42598,0,0,0,0,0,0,0,36,0,0,0,0,0,0,0,0,0,0,0,0,0,0,0
ASV_42647,0,0,0,0,0,0,0,0,0,0,0,0,0,36,0,0,0,0,0,0,0,0,0
ASV_42674,0,0,0,0,0,0,0,3,0,0,0,0,0,0,0,0,0,0,0,0,0,0,0
ASV_42759,0,0,0,0,0,0,0,0,0,0,0,0,0,2,3,0,0,0,0,0,0,0,0
ASV_42774,0,0,0,36,0,0,0,0,0,0,0,0,0,0,0,0,0,0,0,0,0,0,0
ASV_42783,0,0,0,0,0,0,0,0,3,0,1,0,0,1,3,1,1,0,0,0,0,0,0
ASV_42837,0,0,0,0,0,0,1,0,0,17,0,14,0,0,0,0,0,0,0,0,0,0,0
ASV_42902,0,0,0,4,0,0,0,2,0,0,0,0,0,2,5,4,8,3,0,0,0,0,0
ASV_42928,0,0,0,0,0,0,0,0,0,0,0,0,0,0,0,0,35,0,0,0,0,0,0
ASV_42972,0,0,0,0,0,0,0,0,0,0,0,0,0,2,4,0,0,0,0,0,0,0,0
ASV_43001,0,0,0,0,0,0,0,0,0,0,0,0,0,0,0,0,0,0,0,3,0,32,0
ASV_43005,0,0,0,0,0,0,0,0,0,0,1,34,0,0,0,0,0,0,0,0,0,0,0
ASV_43026,0,0,0,0,0,0,0,0,0,0,0,0,0,31,0,0,4,0,0,0,0,0,0
ASV_43101,0,0,0,0,0,0,0,0,0,0,0,0,0,0,0,35,0,0,0,0,0,0,0
ASV_43124,0,0,0,0,0,0,0,0,0,0,0,0,0,26,4,0,3,2,0,0,0,0,0
ASV_43238,0,0,0,0,0,0,0,0,1,2,2,0,2,0,0,0,0,0,0,0,0,0,0
ASV_43249,0,0,0,0,0,0,0,0,0,0,0,0,0,3,0,17,8,7,0,0,0,0,0
ASV_43280,0,0,0,0,0,0,0,0,0,6,8,4,3,0,0,0,0,0,0,0,0,0,0
ASV_43288,0,0,0,0,0,0,0,0,0,0,0,0,0,1,1,0,12,20,0,0,0,0,0
ASV_43321,0,0,0,0,0,0,0,0,0,0,0,0,0,34,0,0,0,0,0,0,0,0,0
ASV_43395,0,0,0,0,0,0,0,0,0,1,0,0,0,16,0,5,12,0,0,0,0,0,0
ASV_43410,0,3,0,0,0,0,0,0,0,0,0,0,0,0,0,0,0,0,0,0,0,0,0
ASV_43471,0,0,0,0,0,0,0,0,0,0,0,0,34,0,0,0,0,0,0,0,0,0,0
ASV_43545,0,0,0,0,0,0,0,0,0,0,1,0,0,0,0,0,0,0,0,0,0,0,0
ASV_43565,0,0,0,0,0,0,1,0,0,0,0,0,0,5,11,6,1,10,0,0,0,0,0
ASV_43653,0,0,0,0,0,0,0,0,20,10,0,0,4,0,0,0,0,0,0,0,0,0,0
ASV_43673,0,0,0,0,0,0,0,0,0,0,0,0,0,0,0,0,14,0,0,0,0,0,0
ASV_43692,0,0,0,0,0,0,0,0,0,0,0,0,0,0,20,0,3,10,0,0,0,0,0
ASV_43716,2,0,6,1,0,0,0,0,0,0,0,0,0,0,0,0,0,0,0,0,0,0,0
ASV_43732,0,0,0,0,0,0,0,0,5,5,16,1,6,0,0,0,0,0,0,0,0,0,0
ASV_43764,0,0,0,0,0,0,0,0,5,0,1,7,0,0,0,0,0,0,0,0,0,0,0
ASV_43789,0,0,0,0,0,0,0,0,2,3,3,0,0,0,0,0,0,0,0,0,0,0,0
ASV_43794,0,0,0,30,0,0,0,0,0,0,0,0,0,0,0,0,0,0,0,0,0,0,0
ASV_43842,0,0,0,0,0,0,0,0,0,2,0,0,2,1,0,0,0,0,0,0,0,0,0
ASV_43848,0,0,0,0,0,6,0,0,11,4,2,5,5,0,0,0,0,0,0,0,0,0,0
ASV_43908,0,0,0,0,0,0,0,0,0,0,0,0,0,4,15,6,7,0,0,0,0,0,0
ASV_44002,0,0,0,0,0,0,0,0,0,0,0,0,0,33,0,0,0,0,0,0,0,0,0
ASV_44084,0,0,0,0,0,0,0,0,1,0,3,1,1,0,0,0,0,0,0,0,0,0,0
ASV_44099,3,2,0,3,1,0,0,0,0,0,0,0,0,0,0,0,0,0,0,0,0,0,0
ASV_44102,1,0,0,0,0,0,0,0,0,0,0,0,0,1,0,0,0,0,0,0,0,0,0
ASV_44106,0,0,0,0,0,0,0,0,0,0,0,0,0,0,0,0,0,0,1,0,0,0,0
ASV_44218,0,0,0,0,0,0,0,0,0,0,0,0,0,0,1,0,0,0,0,0,0,0,0
ASV_44275,0,0,0,0,0,0,32,0,0,0,0,0,0,0,0,0,0,0,0,0,0,0,0
ASV_44316,0,0,0,0,0,0,0,0,6,12,3,4,7,0,0,0,0,0,0,0,0,0,0
ASV_44357,0,0,0,0,0,0,6,1,0,0,0,0,0,0,0,0,0,0,0,0,0,0,0
ASV_44374,0,0,0,0,0,0,0,0,0,0,0,0,0,18,4,9,0,1,0,0,0,0,0
ASV_44395,0,0,0,0,0,0,0,0,1,8,0,4,3,0,0,0,0,0,0,0,0,0,0
ASV_44402,0,0,0,0,0,0,1,0,0,0,0,0,0,0,0,0,0,0,0,0,0,0,0
ASV_44488,0,0,0,0,0,0,0,32,0,0,0,0,0,0,0,0,0,0,0,0,0,0,0
ASV_44517,0,0,0,0,0,0,0,0,3,11,3,0,3,0,3,1,0,5,0,0,0,0,0
ASV_44580,0,0,0,0,0,0,0,0,0,0,0,0,0,22,9,0,1,0,0,0,0,0,0
ASV_44657,0,0,0,0,0,0,0,0,0,0,0,0,0,0,31,0,0,0,0,0,0,0,0
ASV_44672,0,0,0,0,0,0,0,0,0,0,0,0,0,0,0,0,0,31,0,0,0,0,0
ASV_44756,0,0,0,0,0,0,2,0,0,0,0,0,0,0,0,0,0,0,0,0,0,0,0
ASV_44759,0,0,0,0,0,0,27,0,0,0,0,0,0,0,0,0,0,0,0,0,0,0,0
ASV_44809,0,0,0,0,0,0,0,0,0,0,0,0,0,31,0,0,0,0,0,0,0,0,0
ASV_44924,0,0,0,0,0,0,0,0,0,0,0,0,0,11,4,13,3,0,0,0,0,0,0
ASV_44927,0,0,0,0,0,0,0,0,8,6,4,3,1,0,0,0,0,0,0,0,0,0,0
ASV_44947,0,0,0,0,0,0,0,0,10,0,10,6,5,0,0,0,0,0,0,0,0,0,0
ASV_45047,0,0,0,0,0,0,0,0,5,0,0,4,18,0,0,2,0,0,0,0,0,0,0
ASV_45079,0,0,0,0,0,0,0,0,10,6,6,5,0,0,0,0,0,0,0,0,0,0,0
ASV_45148,0,0,0,0,0,0,0,0,0,0,0,0,0,27,0,3,0,0,0,0,0,0,0
ASV_45162,0,0,0,0,0,0,0,0,0,0,0,0,0,30,0,0,0,0,0,0,0,0,0
ASV_45236,0,0,0,0,0,0,0,0,0,0,0,0,0,0,0,0,0,0,0,0,0,0,30
ASV_45251,0,0,0,0,0,0,0,0,0,0,0,0,0,28,0,2,0,0,0,0,0,0,0
ASV_45312,0,0,0,0,0,0,0,1,0,0,0,0,0,0,0,0,0,0,0,0,0,0,0
ASV_45345,0,0,0,0,0,0,0,0,13,2,0,15,0,0,0,0,0,0,0,0,0,0,0
ASV_45366,0,0,0,0,0,0,1,0,0,0,0,0,0,0,0,0,0,0,0,0,0,0,0
ASV_45390,0,0,0,0,0,0,0,0,0,3,3,0,2,0,0,0,22,0,0,0,0,0,0
ASV_45416,0,0,0,0,0,0,0,0,0,0,0,0,0,15,0,0,15,0,0,0,0,0,0
ASV_45421,0,0,0,0,0,0,0,0,0,0,0,0,0,30,0,0,0,0,0,0,0,0,0
ASV_45445,0,0,0,0,0,0,0,0,0,0,0,0,30,0,0,0,0,0,0,0,0,0,0
ASV_45448,0,0,0,0,0,0,0,0,0,0,0,0,0,14,0,0,0,16,0,0,0,0,0
ASV_45588,0,0,0,0,0,0,0,0,0,0,0,0,0,19,5,0,4,0,0,0,0,0,0
ASV_45642,0,0,0,0,0,13,10,6,0,0,0,0,0,0,0,0,0,0,0,0,0,0,0
ASV_45704,0,0,0,0,0,0,0,0,0,1,0,0,0,0,0,0,0,0,0,0,0,0,0
ASV_45725,0,0,0,0,0,0,0,0,0,0,0,0,0,0,29,0,0,0,0,0,0,0,0
ASV_45809,0,0,0,0,0,0,0,0,8,3,10,1,7,0,0,0,0,0,0,0,0,0,0
ASV_45912,0,0,0,0,2,0,1,0,0,0,0,0,0,0,3,0,0,0,0,0,0,0,0
ASV_45971,0,0,0,0,0,0,0,0,0,0,0,0,0,0,0,0,0,7,0,0,0,0,0
ASV_45975,0,0,0,0,0,0,0,0,0,0,0,0,0,0,1,0,11,17,0,0,0,0,0
ASV_45976,0,0,0,0,0,0,0,0,0,0,0,0,0,0,0,29,0,0,0,0,0,0,0
ASV_46049,0,0,0,0,0,0,0,0,0,26,1,1,0,0,0,0,0,0,0,0,0,0,0
ASV_46074,0,0,0,0,0,0,0,0,0,0,0,0,0,0,3,22,0,4,0,0,0,0,0
ASV_46149,0,0,0,0,0,0,0,0,0,0,0,0,0,11,3,8,7,0,0,0,0,0,0
ASV_46164,0,0,0,0,0,0,0,0,2,0,0,0,0,8,4,9,4,2,0,0,0,0,0
ASV_46175,0,0,0,0,0,0,0,0,0,0,0,28,0,0,0,0,0,0,0,0,0,0,0
ASV_46185,0,0,0,0,0,0,0,0,0,0,0,0,0,7,0,3,10,0,0,0,0,0,0
ASV_46192,0,0,0,0,0,0,0,0,2,4,9,0,14,0,0,0,0,0,0,0,0,0,0
ASV_46215,0,0,0,0,0,0,0,0,5,9,4,0,10,0,0,0,0,0,0,0,0,0,0
ASV_46219,0,0,0,0,0,0,1,3,0,0,0,0,0,0,0,0,0,0,0,0,0,0,0
ASV_46225,0,0,0,0,0,0,0,0,2,0,4,14,0,0,0,0,0,0,0,0,0,0,0
ASV_46259,0,0,0,0,0,0,0,0,1,0,13,12,1,0,0,0,0,1,0,0,0,0,0
ASV_46391,0,0,0,0,0,0,0,0,0,0,0,0,0,0,0,0,0,0,0,0,0,0,28
ASV_46402,28,0,0,0,0,0,0,0,0,0,0,0,0,0,0,0,0,0,0,0,0,0,0
ASV_46493,0,0,0,0,0,0,0,0,0,0,0,0,1,0,0,0,0,0,0,0,0,0,0
ASV_46513,0,0,0,0,0,0,0,0,1,1,7,0,1,0,0,0,0,0,0,0,0,0,0
ASV_46518,0,0,0,0,0,0,0,0,4,0,0,0,0,0,0,0,0,0,0,0,0,0,0
ASV_46525,0,0,0,0,0,0,0,28,0,0,0,0,0,0,0,0,0,0,0,0,0,0,0
ASV_46538,0,0,0,0,0,0,0,0,0,0,0,0,0,6,4,8,8,2,0,0,0,0,0
ASV_46587,0,2,0,0,0,10,15,1,0,0,0,0,0,0,0,0,0,0,0,0,0,0,0
ASV_46740,0,0,0,0,0,0,0,0,8,6,5,2,2,0,0,0,0,0,0,0,0,0,0
ASV_46778,0,0,0,0,0,0,0,0,0,1,0,0,0,0,0,0,0,26,0,0,0,0,0
ASV_46806,0,0,0,0,0,0,27,0,0,0,0,0,0,0,0,0,0,0,0,0,0,0,0
ASV_46827,0,0,0,0,0,0,0,0,0,0,0,0,0,0,27,0,0,0,0,0,0,0,0
ASV_46887,0,0,0,0,0,0,0,0,2,0,0,0,0,0,0,0,0,0,0,0,0,0,0
ASV_46939,0,0,0,0,0,0,0,0,0,0,0,0,0,0,0,0,27,0,0,0,0,0,0
ASV_46980,0,0,0,0,0,0,0,27,0,0,0,0,0,0,0,0,0,0,0,0,0,0,0
ASV_47036,0,2,0,0,0,25,0,0,0,0,0,0,0,0,0,0,0,0,0,0,0,0,0
ASV_47198,0,0,0,0,0,0,0,0,0,0,0,0,0,0,0,0,27,0,0,0,0,0,0
ASV_47321,0,0,0,0,0,0,27,0,0,0,0,0,0,0,0,0,0,0,0,0,0,0,0
ASV_47427,0,0,0,0,0,0,1,0,0,0,0,0,0,0,0,0,0,0,0,0,0,0,0
ASV_47553,0,0,0,0,0,0,0,0,0,0,0,0,0,0,0,0,0,0,0,0,26,0,0
ASV_47564,0,0,0,0,0,0,0,0,4,12,6,4,0,0,0,0,0,0,0,0,0,0,0
ASV_47565,0,0,0,0,0,0,0,1,9,0,5,2,6,0,0,0,0,0,0,0,0,0,0
ASV_47678,0,0,0,0,0,0,1,0,0,0,0,0,0,0,0,0,0,0,0,0,0,0,0
ASV_47683,0,0,0,0,0,0,0,0,0,2,3,11,10,0,0,0,0,0,0,0,0,0,0
ASV_47689,0,0,0,0,0,0,0,0,2,7,3,9,5,0,0,0,0,0,0,0,0,0,0
ASV_47768,0,0,0,0,0,0,0,0,0,0,0,0,0,0,0,0,26,0,0,0,0,0,0
ASV_47785,0,4,1,0,0,0,0,0,0,0,0,0,0,7,0,0,13,1,0,0,0,0,0
ASV_47829,0,0,0,25,0,0,0,0,0,0,0,0,0,0,0,0,0,0,0,0,0,0,0
ASV_47860,0,0,0,0,0,0,0,0,0,0,0,0,0,0,0,0,0,0,0,0,0,26,0
ASV_47880,0,0,0,0,0,0,0,0,3,1,0,21,1,0,0,0,0,0,0,0,0,0,0
ASV_47914,0,0,0,0,0,6,4,1,0,0,0,0,0,0,0,0,0,0,0,0,0,0,0
ASV_47957,0,0,0,0,0,0,0,25,0,0,0,0,0,0,0,0,0,0,0,0,0,0,0
ASV_47962,0,0,0,0,0,0,0,0,11,2,5,2,5,0,0,0,0,0,0,0,0,0,0
ASV_47972,0,0,0,0,0,0,0,0,9,1,2,1,12,0,0,0,0,0,0,0,0,0,0
ASV_47983,2,0,0,0,0,1,3,0,0,0,0,0,0,4,0,0,6,0,0,0,0,0,0
ASV_47985,0,25,0,0,0,0,0,0,0,0,0,0,0,0,0,0,0,0,0,0,0,0,0
ASV_47993,0,0,0,0,0,0,0,0,4,4,1,12,3,1,0,0,0,0,0,0,0,0,0
ASV_48011,6,0,0,0,0,0,0,0,0,0,0,0,0,0,0,0,0,0,0,0,0,0,0
ASV_48065,0,0,0,0,0,0,0,3,6,0,2,0,0,0,0,0,0,0,0,0,0,0,0
ASV_48121,0,0,0,0,0,0,0,0,7,2,0,1,15,0,0,0,0,0,0,0,0,0,0
ASV_48137,0,0,0,0,0,0,9,0,0,0,0,0,0,0,0,0,0,0,0,0,0,0,0
ASV_48190,0,0,0,0,0,0,0,0,0,0,0,0,0,0,0,0,25,0,0,0,0,0,0
ASV_48207,0,0,0,0,0,0,0,0,0,0,0,0,1,0,0,0,0,0,0,0,0,0,0
ASV_48340,0,0,0,0,0,0,0,0,8,3,9,2,3,0,0,0,0,0,0,0,0,0,0
ASV_48371,0,0,0,0,0,0,0,0,15,4,5,0,1,0,0,0,0,0,0,0,0,0,0
ASV_48464,0,0,0,0,0,0,0,0,0,0,0,0,0,0,0,0,0,0,0,0,0,0,25
ASV_48491,0,0,0,0,0,0,0,2,2,4,2,0,2,0,0,0,0,0,0,0,0,0,0
ASV_48494,0,0,0,0,0,0,0,0,0,0,0,0,0,0,8,0,14,3,0,0,0,0,0
ASV_48533,0,0,0,0,0,0,0,0,10,1,5,0,6,0,0,0,0,0,0,0,0,0,0
ASV_48570,0,0,0,0,0,0,0,0,0,0,0,0,0,0,0,0,24,0,0,0,0,0,0
ASV_48577,0,23,0,0,0,0,0,0,0,0,0,0,0,0,0,0,0,0,0,0,0,0,0
ASV_48601,0,0,0,0,0,6,0,0,0,0,0,0,0,0,1,2,0,0,0,0,0,0,0
ASV_48602,0,0,0,0,0,0,23,0,0,0,0,0,0,0,0,0,0,0,0,0,0,0,0
ASV_48630,0,0,0,0,0,0,0,0,0,0,0,0,0,0,22,0,0,2,0,0,0,0,0
ASV_48690,0,0,0,1,0,0,0,0,0,0,0,0,0,0,0,0,0,0,0,0,0,0,0
ASV_48742,0,0,0,0,0,0,24,0,0,0,0,0,0,0,0,0,0,0,0,0,0,0,0
ASV_48766,0,0,0,0,0,0,0,0,0,0,0,0,0,0,0,0,24,0,0,0,0,0,0
ASV_48803,0,0,0,0,0,0,0,0,0,0,0,0,0,0,0,0,0,24,0,0,0,0,0
ASV_48852,0,0,0,0,0,0,0,0,0,0,0,0,0,4,2,2,1,1,0,0,0,0,0
ASV_48877,0,0,24,0,0,0,0,0,0,0,0,0,0,0,0,0,0,0,0,0,0,0,0
ASV_48919,0,0,0,0,0,0,0,0,0,6,14,4,0,0,0,0,0,0,0,0,0,0,0
ASV_48972,0,0,0,0,0,0,0,4,2,0,0,0,0,0,0,7,1,3,0,0,0,0,0
ASV_49067,0,0,0,0,0,0,0,0,11,3,2,0,0,0,0,0,0,0,0,0,0,0,0
ASV_49104,0,0,0,0,0,0,0,0,0,0,0,0,0,0,0,0,0,0,0,0,0,1,0
ASV_49176,0,0,0,0,0,0,0,0,1,0,3,3,4,0,0,0,0,0,0,0,0,0,0
ASV_49181,0,0,0,0,0,0,0,0,0,0,0,0,0,0,1,0,0,0,0,0,0,0,0
ASV_49192,0,0,0,0,0,1,0,0,0,0,0,0,2,0,0,1,0,0,0,0,0,0,0
ASV_49214,0,0,0,0,0,0,0,0,0,0,0,0,0,0,0,1,0,0,0,0,0,0,0
ASV_49232,0,0,0,0,0,0,0,0,0,0,0,0,0,0,0,0,23,0,0,0,0,0,0
ASV_49282,0,0,0,0,0,0,2,0,0,0,0,0,0,0,0,0,0,0,0,0,0,0,0
ASV_49309,0,0,0,0,0,23,0,0,0,0,0,0,0,0,0,0,0,0,0,0,0,0,0
ASV_49323,0,0,0,23,0,0,0,0,0,0,0,0,0,0,0,0,0,0,0,0,0,0,0
ASV_49375,0,0,0,0,0,0,0,0,0,0,0,0,0,0,23,0,0,0,0,0,0,0,0
ASV_49405,0,0,0,0,0,0,4,0,0,0,0,0,0,12,0,0,2,5,0,0,0,0,0
ASV_49424,0,0,0,0,0,0,0,3,0,0,0,0,0,0,0,0,0,0,0,0,0,0,0
ASV_49648,0,0,0,0,0,0,0,0,0,0,0,0,0,23,0,0,0,0,0,0,0,0,0
ASV_49812,0,0,0,0,0,0,0,0,0,0,0,0,0,0,0,0,0,0,0,0,0,23,0
ASV_49814,0,0,0,0,0,0,0,0,0,0,0,0,0,0,0,19,0,4,0,0,0,0,0
ASV_49832,0,0,0,0,0,0,0,0,0,0,0,0,0,6,1,0,8,8,0,0,0,0,0
ASV_49836,0,0,0,0,0,0,0,0,0,0,0,0,0,0,0,0,0,0,0,3,0,13,4
ASV_49864,0,0,0,0,0,0,0,0,0,0,0,0,0,0,12,5,4,2,0,0,0,0,0
ASV_49889,0,0,0,0,0,0,0,0,0,0,0,0,0,13,9,1,0,0,0,0,0,0,0
ASV_49894,0,0,0,0,0,0,0,0,0,0,0,0,0,6,2,4,8,3,0,0,0,0,0
ASV_49896,7,4,9,3,0,0,0,0,0,0,0,0,0,0,0,0,0,0,0,0,0,0,0
ASV_49978,0,0,0,0,0,0,0,0,22,0,0,0,0,0,0,0,0,0,0,0,0,0,0
ASV_49987,0,0,0,0,0,0,0,0,0,0,0,0,0,1,0,0,0,21,0,0,0,0,0
ASV_50035,0,0,0,0,0,0,3,0,0,0,0,0,0,0,0,0,0,0,0,0,0,0,0
ASV_50038,0,0,0,0,0,0,0,0,22,0,0,0,0,0,0,0,0,0,0,0,0,0,0
ASV_50075,0,0,0,0,0,0,0,0,3,8,2,3,6,0,0,0,0,0,0,0,0,0,0
ASV_50111,0,0,0,0,0,0,0,0,0,0,0,0,0,2,0,2,0,0,0,0,0,0,0
ASV_50131,0,0,0,0,0,15,3,0,0,0,0,0,0,0,0,0,0,0,0,0,0,0,0
ASV_50189,0,0,0,0,0,0,0,0,0,0,0,0,0,0,0,0,0,22,0,0,0,0,0
ASV_50273,0,0,0,0,0,0,0,0,0,0,0,0,0,6,12,0,4,0,0,0,0,0,0
ASV_50276,0,0,0,0,0,0,0,0,0,0,0,0,0,2,10,0,7,3,0,0,0,0,0
ASV_50330,5,0,0,0,0,0,0,0,0,0,0,0,0,0,0,0,0,0,0,0,0,0,0
ASV_50347,0,0,0,0,0,0,0,0,5,9,6,0,1,0,0,0,0,0,0,0,0,0,0
ASV_50366,0,0,0,0,0,0,0,0,1,6,0,15,0,0,0,0,0,0,0,0,0,0,0
ASV_50399,0,0,0,0,0,0,0,0,0,22,0,0,0,0,0,0,0,0,0,0,0,0,0
ASV_50514,0,0,0,0,0,0,16,5,0,0,0,0,0,0,0,0,0,0,0,0,0,0,0
ASV_50617,0,0,0,0,0,0,0,0,1,0,0,0,0,0,0,0,0,0,0,0,0,0,0
ASV_50660,0,0,0,0,0,0,0,0,9,0,5,2,4,0,0,0,0,0,0,0,0,0,0
ASV_50681,0,0,0,0,0,0,0,0,0,0,0,0,0,6,0,0,6,9,0,0,0,0,0
ASV_50716,0,0,0,0,0,0,0,0,0,0,0,0,0,0,0,0,0,0,1,3,10,7,0
ASV_50771,0,0,0,0,0,0,0,0,0,0,0,0,0,2,12,1,1,5,0,0,0,0,0
ASV_50774,0,0,0,0,0,0,0,0,2,0,6,7,6,0,0,0,0,0,0,0,0,0,0
ASV_50907,0,0,0,0,0,0,0,0,0,0,0,0,6,0,0,0,0,0,0,0,0,0,0
ASV_50910,0,0,0,0,0,0,0,0,3,2,14,0,2,0,0,0,0,0,0,0,0,0,0
ASV_50988,0,0,0,0,0,0,0,0,2,0,10,9,0,0,0,0,0,0,0,0,0,0,0
ASV_51185,0,0,0,0,0,0,0,0,1,3,11,2,1,0,0,0,0,0,0,0,0,0,0
ASV_51190,0,0,0,0,0,21,0,0,0,0,0,0,0,0,0,0,0,0,0,0,0,0,0
ASV_51209,0,0,0,0,0,0,0,0,0,0,0,0,0,0,0,0,0,0,0,0,0,0,21
ASV_51217,0,0,0,0,0,0,0,0,9,0,1,0,7,0,0,0,0,0,0,0,0,0,0
ASV_51284,0,0,0,0,0,0,0,0,0,0,0,0,0,15,1,0,4,0,0,0,0,0,0
ASV_51359,0,0,0,0,0,0,0,2,0,0,0,0,0,0,0,0,0,0,0,0,0,0,0
ASV_51382,0,0,0,0,0,0,0,21,0,0,0,0,0,0,0,0,0,0,0,0,0,0,0
ASV_51419,0,0,0,0,0,0,0,0,0,0,0,0,0,2,5,0,12,2,0,0,0,0,0
ASV_51429,0,0,0,0,0,0,0,0,0,0,0,0,0,0,0,0,0,0,0,0,0,0,1
ASV_51503,0,0,0,0,0,0,0,0,0,0,0,0,0,7,4,1,8,0,0,0,0,0,0
ASV_51556,0,0,0,0,0,0,0,0,0,0,0,0,0,0,0,0,0,0,0,0,0,0,20
ASV_51679,0,0,0,0,0,0,0,0,0,0,0,0,0,3,0,3,13,1,0,0,0,0,0
ASV_51726,0,0,0,0,0,6,0,7,4,0,0,0,0,0,0,0,0,0,0,0,0,0,0
ASV_51809,0,0,0,0,0,0,0,0,0,0,0,0,0,0,0,0,0,0,0,0,0,0,1
ASV_51895,0,0,0,0,0,0,0,0,0,0,0,0,0,15,3,2,0,0,0,0,0,0,0
ASV_51923,9,0,0,0,0,0,0,0,0,0,0,0,0,0,0,0,0,0,0,0,0,0,0
ASV_51957,0,0,0,0,0,0,0,0,0,0,0,0,0,13,0,1,3,3,0,0,0,0,0
ASV_52037,0,0,0,0,0,0,0,0,0,0,0,20,0,0,0,0,0,0,0,0,0,0,0
ASV_52051,0,0,0,0,0,0,0,0,0,0,0,0,0,0,0,1,17,2,0,0,0,0,0
ASV_52070,0,0,0,0,0,0,0,0,3,6,3,4,4,0,0,0,0,0,0,0,0,0,0
ASV_52099,0,0,0,0,0,3,1,0,0,0,0,0,0,0,0,0,0,0,0,0,0,0,0
ASV_52101,0,0,0,0,0,0,0,0,0,0,0,0,0,0,1,0,0,0,2,5,4,2,4
ASV_52154,0,0,0,0,0,0,0,0,0,0,15,0,5,0,0,0,0,0,0,0,0,0,0
ASV_52155,0,0,0,0,0,0,0,0,0,0,0,0,0,0,0,0,20,0,0,0,0,0,0
ASV_52177,0,0,0,0,0,0,0,0,6,0,7,7,0,0,0,0,0,0,0,0,0,0,0
ASV_52228,0,0,0,0,0,0,0,0,0,0,0,20,0,0,0,0,0,0,0,0,0,0,0
ASV_52233,0,0,0,0,0,0,0,0,0,0,0,0,0,0,0,0,0,0,0,0,0,20,0
ASV_52297,0,0,0,0,0,0,0,0,0,0,0,0,0,0,0,0,19,0,0,0,0,0,0
ASV_52330,0,0,0,0,0,0,0,0,16,0,0,0,3,0,0,0,0,0,0,0,0,0,0
ASV_52499,0,0,0,0,0,0,0,0,0,6,6,0,7,0,0,0,0,0,0,0,0,0,0
ASV_52513,0,0,0,0,0,0,0,0,0,0,0,0,0,0,19,0,0,0,0,0,0,0,0
ASV_52545,0,0,0,0,0,0,0,0,0,0,0,0,0,19,0,0,0,0,0,0,0,0,0
ASV_52569,0,2,0,0,0,17,0,0,0,0,0,0,0,0,0,0,0,0,0,0,0,0,0
ASV_52678,0,0,0,0,0,0,19,0,0,0,0,0,0,0,0,0,0,0,0,0,0,0,0
ASV_52703,0,0,0,0,0,2,0,6,0,0,0,0,0,0,0,0,0,0,0,0,0,0,0
ASV_52707,0,0,0,0,0,0,0,15,0,0,0,0,0,4,0,0,0,0,0,0,0,0,0
ASV_52710,0,0,0,0,0,0,0,0,0,17,0,0,2,0,0,0,0,0,0,0,0,0,0
ASV_52712,0,0,0,0,0,4,7,8,0,0,0,0,0,0,0,0,0,0,0,0,0,0,0
ASV_52756,0,0,0,0,0,0,0,0,0,1,0,0,0,0,0,0,0,0,0,0,0,0,0
ASV_52757,11,0,4,0,0,0,0,0,0,0,0,0,0,0,0,0,3,1,0,0,0,0,0
ASV_52771,0,0,0,0,0,19,0,0,0,0,0,0,0,0,0,0,0,0,0,0,0,0,0
ASV_52776,0,0,0,0,0,19,0,0,0,0,0,0,0,0,0,0,0,0,0,0,0,0,0
ASV_52890,0,0,0,0,0,0,0,0,0,0,0,0,0,0,0,0,19,0,0,0,0,0,0
ASV_52896,0,0,0,0,0,0,0,19,0,0,0,0,0,0,0,0,0,0,0,0,0,0,0
ASV_52978,0,0,0,0,0,0,0,0,0,0,0,0,0,13,2,4,0,0,0,0,0,0,0
ASV_52985,0,0,0,0,0,0,0,0,0,17,2,0,0,0,0,0,0,0,0,0,0,0,0
ASV_52986,0,0,0,0,0,0,0,0,0,0,0,0,0,0,0,0,4,0,0,0,0,0,0
ASV_52988,0,0,0,0,0,0,0,0,3,1,2,0,13,0,0,0,0,0,0,0,0,0,0
ASV_53052,0,0,0,19,0,0,0,0,0,0,0,0,0,0,0,0,0,0,0,0,0,0,0
ASV_53143,0,0,0,0,0,0,0,0,0,0,0,0,0,18,0,0,0,0,0,0,0,0,0
ASV_53254,0,0,0,0,0,0,0,0,0,0,0,0,2,0,0,0,0,0,0,0,0,0,0
ASV_53420,0,0,0,0,0,14,1,3,0,0,0,0,0,0,0,0,0,0,0,0,0,0,0
ASV_53435,0,0,0,0,0,0,0,0,0,0,0,0,0,0,0,0,0,0,0,0,18,0,0
ASV_53459,0,0,0,0,0,0,0,0,0,0,3,0,0,8,7,0,0,0,0,0,0,0,0
ASV_53499,0,0,0,0,0,0,0,0,18,0,0,0,0,0,0,0,0,0,0,0,0,0,0
ASV_53514,0,0,0,0,0,0,0,0,0,0,0,0,0,18,0,0,0,0,0,0,0,0,0
ASV_53600,0,0,0,0,0,0,0,0,0,0,0,0,0,0,0,0,18,0,0,0,0,0,0
ASV_53607,0,0,0,0,0,18,0,0,0,0,0,0,0,0,0,0,0,0,0,0,0,0,0
ASV_53674,0,0,0,0,18,0,0,0,0,0,0,0,0,0,0,0,0,0,0,0,0,0,0
ASV_53726,0,0,0,0,18,0,0,0,0,0,0,0,0,0,0,0,0,0,0,0,0,0,0
ASV_53755,0,0,0,0,0,0,0,0,1,1,2,1,10,0,0,0,0,0,0,0,0,0,0
ASV_53781,0,0,0,0,0,2,0,0,0,0,0,0,0,0,0,0,0,0,0,0,0,0,0
ASV_53873,0,0,0,0,0,0,0,0,0,0,3,0,1,0,0,0,0,0,0,0,0,0,0
ASV_53888,0,0,0,0,0,0,0,1,1,0,6,0,5,0,0,0,0,0,0,0,0,0,0
ASV_53919,3,5,3,3,1,1,2,0,0,0,0,0,0,0,0,0,0,0,0,0,0,0,0
ASV_54019,0,0,0,0,0,0,0,0,2,0,0,4,2,0,0,0,0,0,0,0,0,0,0
ASV_54034,0,0,0,0,0,0,0,0,0,0,0,0,0,18,0,0,0,0,0,0,0,0,0
ASV_54063,0,0,0,0,0,0,0,0,0,0,0,0,0,0,0,0,0,0,0,0,1,0,0
ASV_54070,0,0,0,0,0,0,0,0,0,0,0,0,0,0,11,0,0,0,0,0,0,0,0
ASV_54084,0,0,0,0,0,0,0,0,8,6,1,0,2,0,0,0,0,0,0,0,0,0,0
ASV_54088,0,0,0,0,0,0,0,0,0,0,0,0,0,17,0,0,0,0,0,0,0,0,0
ASV_54090,0,0,0,0,0,0,0,0,0,0,0,0,0,0,0,0,0,17,0,0,0,0,0
ASV_54092,0,0,0,0,0,0,0,0,0,0,0,0,0,0,0,0,0,17,0,0,0,0,0
ASV_54195,0,0,0,0,0,0,0,0,0,0,0,0,0,0,0,17,0,0,0,0,0,0,0
ASV_54234,0,0,0,0,0,0,0,0,7,3,2,1,0,0,0,0,0,2,0,0,0,0,0
ASV_54289,0,0,0,0,0,0,2,0,0,0,0,0,0,0,0,0,0,0,0,0,0,0,0
ASV_54346,0,0,0,0,0,0,0,0,8,0,0,0,0,5,2,0,0,2,0,0,0,0,0
ASV_54394,0,0,0,0,0,0,0,0,0,0,0,12,5,0,0,0,0,0,0,0,0,0,0
ASV_54400,0,0,0,0,0,17,0,0,0,0,0,0,0,0,0,0,0,0,0,0,0,0,0
ASV_54409,0,0,0,0,0,0,0,0,4,5,4,3,1,0,0,0,0,0,0,0,0,0,0
ASV_54415,0,0,0,0,0,0,0,0,0,0,4,6,4,0,0,0,0,0,0,0,0,0,0
ASV_54528,16,0,0,0,0,0,1,0,0,0,0,0,0,0,0,0,0,0,0,0,0,0,0
ASV_54562,0,0,0,0,0,0,5,12,0,0,0,0,0,0,0,0,0,0,0,0,0,0,0
ASV_54650,0,0,0,0,0,0,0,0,0,0,0,0,0,0,3,2,0,2,0,0,0,0,0
ASV_54693,0,0,0,0,0,0,0,0,0,0,0,0,0,0,17,0,0,0,0,0,0,0,0
ASV_54735,0,0,0,0,0,0,0,0,9,3,2,2,1,0,0,0,0,0,0,0,0,0,0
ASV_54810,0,0,0,0,0,0,0,0,1,6,1,7,0,0,0,0,0,0,0,0,0,0,0
ASV_54850,0,0,0,0,0,15,2,0,0,0,0,0,0,0,0,0,0,0,0,0,0,0,0
ASV_54963,0,0,0,0,0,0,0,0,6,6,0,0,5,0,0,0,0,0,0,0,0,0,0
ASV_54983,0,0,0,0,0,0,0,0,0,2,2,0,3,0,0,0,0,0,0,0,0,0,0
ASV_54994,11,0,2,4,0,0,0,0,0,0,0,0,0,0,0,0,0,0,0,0,0,0,0
ASV_55122,0,0,0,0,0,0,0,0,0,0,0,0,0,0,14,0,1,1,0,0,0,0,0
ASV_55200,0,0,0,0,0,0,0,0,1,3,7,0,5,0,0,0,0,0,0,0,0,0,0
ASV_55220,0,2,0,0,0,14,0,0,0,0,0,0,0,0,0,0,0,0,0,0,0,0,0
ASV_55331,0,0,0,0,0,0,0,0,0,4,0,0,0,0,0,0,0,0,0,0,0,0,0
ASV_55352,0,0,0,0,0,0,0,0,0,0,0,0,0,7,2,3,4,0,0,0,0,0,0
ASV_55382,0,0,0,0,0,16,0,0,0,0,0,0,0,0,0,0,0,0,0,0,0,0,0
ASV_55406,0,0,0,0,0,0,0,0,0,0,0,0,0,16,0,0,0,0,0,0,0,0,0
ASV_55410,0,0,0,0,0,4,1,5,0,0,0,0,0,0,0,0,0,0,0,0,0,0,0
ASV_55447,0,0,0,0,0,0,0,0,0,0,0,0,0,7,0,4,5,0,0,0,0,0,0
ASV_55457,0,0,0,0,0,0,0,0,0,5,0,5,5,0,0,0,0,0,0,0,1,0,0
ASV_55469,0,0,0,0,0,0,0,0,0,1,0,0,4,0,0,0,0,0,0,0,0,0,0
ASV_55484,0,0,0,0,0,0,0,1,0,0,0,0,0,2,1,0,0,0,0,0,0,0,0
ASV_55542,0,0,0,0,0,0,0,0,0,0,0,0,3,0,0,0,0,0,0,0,0,0,0
ASV_55543,0,0,0,0,0,0,0,0,2,5,5,1,2,0,0,0,0,0,0,0,0,0,0
ASV_55563,1,1,0,4,0,1,5,1,0,0,0,0,0,0,0,0,0,0,0,0,0,0,0
ASV_55564,0,1,0,0,0,0,2,4,0,0,0,0,0,1,0,0,0,0,0,0,0,0,0
ASV_55565,0,0,0,0,0,0,0,0,0,0,0,0,16,0,0,0,0,0,0,0,0,0,0
ASV_55578,0,0,0,0,0,0,0,1,0,0,0,0,0,0,3,10,0,1,0,0,0,0,0
ASV_55625,0,0,0,0,0,0,0,0,0,0,0,0,16,0,0,0,0,0,0,0,0,0,0
ASV_55673,0,0,0,0,0,0,0,0,0,0,0,0,0,13,3,0,0,0,0,0,0,0,0
ASV_55701,0,2,0,0,0,14,0,0,0,0,0,0,0,0,0,0,0,0,0,0,0,0,0
ASV_55717,0,0,0,0,0,0,0,0,0,0,0,0,0,3,4,0,5,4,0,0,0,0,0
ASV_55771,0,0,0,0,0,1,7,7,0,0,0,0,0,0,0,0,0,0,0,0,0,0,0
ASV_55870,0,0,0,0,0,0,0,0,0,0,0,0,0,0,0,0,16,0,0,0,0,0,0
ASV_55902,0,0,0,0,0,0,0,0,0,0,0,0,0,0,0,0,16,0,0,0,0,0,0
ASV_55962,0,0,0,0,0,0,0,0,7,5,3,1,0,0,0,0,0,0,0,0,0,0,0
ASV_55979,16,0,0,0,0,0,0,0,0,0,0,0,0,0,0,0,0,0,0,0,0,0,0
ASV_55986,0,0,0,0,0,0,0,0,5,0,0,11,0,0,0,0,0,0,0,0,0,0,0
ASV_56055,0,0,0,0,0,0,16,0,0,0,0,0,0,0,0,0,0,0,0,0,0,0,0
ASV_56076,0,0,0,0,0,0,0,0,0,0,0,0,0,2,0,0,14,0,0,0,0,0,0
ASV_56094,0,0,0,0,0,2,0,8,0,0,0,0,0,0,0,0,0,0,0,0,0,0,0
ASV_56151,0,0,0,0,0,0,0,0,1,0,3,0,1,0,0,0,0,0,0,0,0,0,0
ASV_56164,0,0,0,0,0,0,0,0,4,1,4,0,6,0,0,0,0,0,0,0,0,0,0
ASV_56190,0,0,0,0,0,0,0,5,0,0,0,0,0,0,0,0,0,0,0,0,0,0,0
ASV_56207,0,0,0,0,0,0,0,0,0,0,0,0,0,0,0,0,9,6,0,0,0,0,0
ASV_56266,0,0,0,0,0,0,0,0,6,6,2,0,0,0,0,0,0,0,0,0,0,0,0
ASV_56278,0,0,0,0,0,0,0,0,0,0,12,2,1,0,0,0,0,0,0,0,0,0,0
ASV_56437,0,0,0,0,0,0,0,0,0,0,0,0,0,0,15,0,0,0,0,0,0,0,0
ASV_56488,0,0,0,0,0,0,0,0,0,0,0,0,0,0,0,0,15,0,0,0,0,0,0
ASV_56511,0,0,0,0,0,0,0,0,0,0,0,0,0,10,0,0,0,5,0,0,0,0,0
ASV_56544,0,0,0,0,0,0,0,0,7,6,0,2,0,0,0,0,0,0,0,0,0,0,0
ASV_56549,0,0,0,0,0,0,0,0,3,4,8,0,0,0,0,0,0,0,0,0,0,0,0
ASV_56560,0,0,0,0,0,0,0,15,0,0,0,0,0,0,0,0,0,0,0,0,0,0,0
ASV_56575,0,1,0,0,0,0,0,14,0,0,0,0,0,0,0,0,0,0,0,0,0,0,0
ASV_56628,0,0,0,0,0,0,0,15,0,0,0,0,0,0,0,0,0,0,0,0,0,0,0
ASV_56644,0,0,0,0,0,0,0,0,0,0,0,0,0,15,0,0,0,0,0,0,0,0,0
ASV_56691,0,0,0,0,0,0,0,1,0,1,0,0,2,0,0,0,0,0,0,0,0,0,0
ASV_56706,3,0,6,0,2,0,0,0,0,0,0,0,0,0,0,0,0,0,0,0,0,0,0
ASV_56737,0,0,0,0,0,0,0,0,0,0,0,0,0,0,7,0,0,6,0,0,0,0,0
ASV_56750,0,0,0,0,0,0,0,0,0,0,0,0,0,0,0,15,0,0,0,0,0,0,0
ASV_56795,0,0,0,0,0,0,0,0,0,0,0,0,0,0,0,0,0,15,0,0,0,0,0
ASV_56849,0,0,0,0,0,0,0,0,0,0,0,0,0,0,0,0,15,0,0,0,0,0,0
ASV_56861,0,0,0,0,0,0,0,0,0,0,0,0,0,0,15,0,0,0,0,0,0,0,0
ASV_56869,0,0,0,0,0,0,0,0,6,1,5,2,0,0,0,0,0,0,0,0,0,0,0
ASV_56883,0,0,0,0,0,0,0,0,0,0,0,0,0,0,0,0,0,0,0,0,0,0,15
ASV_56899,0,0,0,0,0,0,0,0,0,4,0,11,0,0,0,0,0,0,0,0,0,0,0
ASV_56949,0,0,0,0,0,0,0,0,0,0,0,0,0,15,0,0,0,0,0,0,0,0,0
ASV_57022,0,0,0,0,0,0,0,0,0,0,0,0,0,0,15,0,0,0,0,0,0,0,0
ASV_57027,0,0,0,0,0,0,0,0,3,2,4,2,2,0,0,0,0,0,0,0,0,0,0
ASV_57061,0,0,0,0,0,0,0,15,0,0,0,0,0,0,0,0,0,0,0,0,0,0,0
ASV_57138,0,0,0,0,0,0,0,0,0,0,0,3,0,0,0,0,0,0,0,0,0,0,0
ASV_57141,0,0,0,0,0,0,0,0,0,15,0,0,0,0,0,0,0,0,0,0,0,0,0
ASV_57164,0,0,0,0,0,0,0,0,3,4,4,0,1,0,0,1,0,0,0,0,0,0,0
ASV_57193,0,0,0,0,0,0,0,0,0,0,0,0,0,0,0,0,15,0,0,0,0,0,0
ASV_57218,0,0,0,0,0,3,0,0,3,0,4,2,2,0,0,0,0,0,0,0,0,0,0
ASV_57230,0,0,0,0,0,0,0,0,0,0,0,0,0,0,15,0,0,0,0,0,0,0,0
ASV_57249,0,0,0,0,0,0,0,0,0,0,0,0,1,0,0,0,0,0,0,0,0,0,1
ASV_57332,0,0,0,0,0,0,0,0,0,0,0,0,0,0,0,10,0,4,0,0,0,0,0
ASV_57336,0,1,0,0,0,13,0,0,0,0,0,0,0,0,0,0,0,0,0,0,0,0,0
ASV_57408,0,0,0,0,0,1,0,8,0,0,0,0,0,0,0,0,0,0,0,0,0,0,0
ASV_57434,0,1,0,0,0,1,0,3,0,0,2,0,0,0,0,0,0,0,0,0,0,0,0
ASV_57466,0,0,0,0,0,0,8,0,0,0,0,0,0,0,0,0,0,0,0,0,0,0,0
ASV_57545,0,0,0,0,0,0,0,2,0,0,0,0,0,0,0,0,0,0,0,0,0,0,0
ASV_57608,0,0,0,0,0,0,0,0,0,0,0,0,0,2,0,7,4,1,0,0,0,0,0
ASV_57644,0,0,0,0,0,0,0,0,14,0,0,0,0,0,0,0,0,0,0,0,0,0,0
ASV_57661,0,0,0,0,0,14,0,0,0,0,0,0,0,0,0,0,0,0,0,0,0,0,0
ASV_57667,0,0,0,0,0,0,0,0,0,4,7,0,3,0,0,0,0,0,0,0,0,0,0
ASV_57677,0,0,0,0,0,0,0,0,0,0,4,0,1,0,0,0,0,0,0,0,0,0,0
ASV_57697,0,0,0,0,0,0,0,0,7,0,2,0,5,0,0,0,0,0,0,0,0,0,0
ASV_57700,0,0,0,0,0,0,0,0,6,0,5,0,3,0,0,0,0,0,0,0,0,0,0
ASV_57728,0,0,0,0,0,0,14,0,0,0,0,0,0,0,0,0,0,0,0,0,0,0,0
ASV_57769,4,0,0,0,2,0,0,0,0,0,0,0,0,0,0,0,0,0,0,0,0,0,0
ASV_57848,0,0,0,0,0,0,0,0,0,0,0,0,0,0,6,8,0,0,0,0,0,0,0
ASV_57854,0,0,0,0,0,0,0,0,0,0,2,12,0,0,0,0,0,0,0,0,0,0,0
ASV_57869,0,0,0,0,0,0,0,0,0,0,0,0,0,0,0,9,5,0,0,0,0,0,0
ASV_57892,0,0,0,0,0,0,1,0,0,0,0,0,0,0,0,0,0,0,0,0,0,0,0
ASV_57959,0,2,7,0,3,0,0,0,0,0,0,0,0,0,0,0,0,0,0,0,0,0,0
ASV_58159,0,0,0,0,0,0,2,12,0,0,0,0,0,0,0,0,0,0,0,0,0,0,0
ASV_58172,0,14,0,0,0,0,0,0,0,0,0,0,0,0,0,0,0,0,0,0,0,0,0
ASV_58183,0,0,0,0,0,0,0,0,2,0,2,4,5,0,0,0,0,0,1,0,0,0,0
ASV_58189,0,0,0,0,0,0,0,0,0,0,0,0,0,0,14,0,0,0,0,0,0,0,0
ASV_58259,0,0,0,0,0,0,0,0,0,0,0,0,0,0,0,0,0,0,0,0,0,0,14
ASV_58366,0,0,0,0,0,0,0,0,0,0,0,0,0,0,0,0,14,0,0,0,0,0,0
ASV_58432,0,0,0,0,0,0,0,0,0,0,1,0,1,0,0,0,0,0,0,0,0,0,0
ASV_58436,0,1,0,0,0,0,4,9,0,0,0,0,0,0,0,0,0,0,0,0,0,0,0
ASV_58448,0,0,0,0,0,0,0,0,0,0,0,0,0,0,2,4,4,2,0,0,0,0,0
ASV_58661,0,0,0,0,0,0,0,0,0,13,0,0,0,0,0,0,0,0,0,0,0,0,0
ASV_58694,0,0,0,0,0,0,0,0,10,0,0,0,3,0,0,0,0,0,0,0,0,0,0
ASV_58735,0,0,0,0,0,0,0,0,0,0,0,0,4,0,0,0,0,0,0,0,0,0,0
ASV_58795,0,0,0,0,0,0,0,0,3,0,0,0,4,0,0,1,0,0,0,0,0,0,0
ASV_58986,0,0,0,0,0,0,0,13,0,0,0,0,0,0,0,0,0,0,0,0,0,0,0
ASV_59015,0,0,0,0,0,0,0,0,5,1,0,4,2,0,0,0,1,0,0,0,0,0,0
ASV_59018,0,0,0,0,0,0,0,0,0,0,0,0,0,0,0,0,0,0,0,0,0,0,13
ASV_59055,0,0,0,0,0,0,0,2,0,0,0,0,0,0,0,0,0,0,0,0,0,0,0
ASV_59162,0,0,0,0,0,0,0,0,0,13,0,0,0,0,0,0,0,0,0,0,0,0,0
ASV_59185,0,0,0,0,0,0,0,0,0,0,0,0,0,13,0,0,0,0,0,0,0,0,0
ASV_59222,2,0,0,0,0,0,0,0,0,6,0,1,1,0,2,0,1,0,0,0,0,0,0
ASV_59224,0,0,0,0,0,0,0,0,0,0,0,0,0,13,0,0,0,0,0,0,0,0,0
ASV_59252,0,0,0,0,0,3,0,2,0,0,0,0,0,0,0,0,0,0,0,0,0,0,0
ASV_59308,0,0,0,0,0,0,0,0,0,0,0,0,0,13,0,0,0,0,0,0,0,0,0
ASV_59330,0,0,0,0,0,0,3,0,0,0,0,0,0,0,0,0,0,0,0,0,0,0,0
ASV_59360,0,0,0,0,0,0,0,0,1,3,0,0,3,0,0,0,0,0,0,0,0,0,0
ASV_59364,0,0,0,0,0,0,0,0,0,0,0,0,0,0,0,8,0,5,0,0,0,0,0
ASV_59527,0,0,0,0,0,0,13,0,0,0,0,0,0,0,0,0,0,0,0,0,0,0,0
ASV_59571,0,0,0,0,0,0,0,0,2,0,8,0,3,0,0,0,0,0,0,0,0,0,0
ASV_59604,0,0,0,0,0,0,0,0,0,0,0,0,0,0,0,13,0,0,0,0,0,0,0
ASV_59650,0,0,0,0,0,0,0,0,0,0,0,0,0,13,0,0,0,0,0,0,0,0,0
ASV_59748,0,0,0,0,0,0,0,0,0,0,0,0,0,0,0,0,0,0,0,0,0,0,13
ASV_59786,0,0,0,0,0,1,0,0,3,2,6,1,0,0,0,0,0,0,0,0,0,0,0
ASV_59792,0,0,0,0,0,0,0,0,0,0,0,0,0,0,8,0,5,0,0,0,0,0,0
ASV_59820,0,0,0,0,0,0,8,0,0,0,0,0,0,0,0,0,0,0,0,0,0,0,0
ASV_59837,0,0,0,0,0,0,0,0,0,0,0,3,2,0,0,0,0,0,0,0,0,0,0
ASV_59840,0,0,0,0,0,0,0,0,1,2,7,1,2,0,0,0,0,0,0,0,0,0,0
ASV_59928,0,0,0,0,0,0,0,0,3,4,2,1,3,0,0,0,0,0,0,0,0,0,0
ASV_60043,0,0,0,0,0,0,12,0,0,0,0,0,0,0,0,0,0,0,0,0,0,0,0
ASV_60045,0,0,0,0,0,0,0,0,0,0,0,0,0,0,0,12,0,0,0,0,0,0,0
ASV_60080,0,0,0,0,0,0,0,0,0,0,0,0,0,0,0,0,0,12,0,0,0,0,0
ASV_60392,0,0,0,0,0,0,0,0,5,2,0,0,3,0,0,0,0,0,0,0,0,0,0
ASV_60409,0,0,0,0,0,0,0,0,0,8,0,0,4,0,0,0,0,0,0,0,0,0,0
ASV_60457,0,0,0,0,0,0,0,0,0,0,0,0,0,9,3,0,0,0,0,0,0,0,0
ASV_60475,0,0,0,0,0,0,0,0,0,0,0,0,0,0,0,12,0,0,0,0,0,0,0
ASV_60499,0,0,0,0,0,0,0,0,0,0,0,0,0,10,0,0,0,2,0,0,0,0,0
ASV_60515,0,0,0,0,0,0,0,0,0,0,0,0,0,0,0,0,0,12,0,0,0,0,0
ASV_60628,0,0,0,0,0,0,0,0,0,0,0,0,0,0,10,0,0,0,0,0,0,0,0
ASV_60640,0,0,0,0,0,0,0,0,0,0,0,0,0,0,0,0,12,0,0,0,0,0,0
ASV_60677,0,1,0,0,0,0,0,11,0,0,0,0,0,0,0,0,0,0,0,0,0,0,0
ASV_60692,4,0,0,0,0,0,0,0,0,0,0,0,0,0,0,0,0,0,0,0,0,0,0
ASV_60704,0,0,0,0,0,12,0,0,0,0,0,0,0,0,0,0,0,0,0,0,0,0,0
ASV_60882,0,0,0,0,0,0,0,0,2,1,5,0,4,0,0,0,0,0,0,0,0,0,0
ASV_60909,0,3,5,2,0,0,0,0,0,0,0,0,0,1,0,0,1,0,0,0,0,0,0
ASV_60925,0,0,0,0,0,0,0,0,9,0,1,0,0,0,0,0,0,0,0,0,0,0,0
ASV_60964,0,12,0,0,0,0,0,0,0,0,0,0,0,0,0,0,0,0,0,0,0,0,0
ASV_60974,0,0,0,0,0,0,0,0,0,0,0,0,0,0,4,0,0,7,0,0,0,0,0
ASV_61005,0,0,0,0,0,0,0,0,0,8,2,2,0,0,0,0,0,0,0,0,0,0,0
ASV_61019,0,0,0,0,0,0,0,0,0,0,12,0,0,0,0,0,0,0,0,0,0,0,0
ASV_61027,0,0,0,0,0,0,0,0,0,0,0,0,0,5,0,4,0,3,0,0,0,0,0
ASV_61063,0,0,0,0,0,0,0,6,0,0,0,0,0,0,0,0,0,0,0,0,0,0,0
ASV_61133,0,0,0,0,0,0,0,0,0,0,0,0,0,12,0,0,0,0,0,0,0,0,0
ASV_61153,0,0,0,0,0,0,0,12,0,0,0,0,0,0,0,0,0,0,0,0,0,0,0
ASV_61156,0,0,0,0,0,0,0,0,0,0,0,0,12,0,0,0,0,0,0,0,0,0,0
ASV_61173,0,0,0,0,0,0,0,0,6,0,4,0,0,0,0,0,0,0,0,0,0,0,0
ASV_61194,0,0,0,0,0,1,6,5,0,0,0,0,0,0,0,0,0,0,0,0,0,0,0
ASV_61203,0,0,0,0,0,0,0,0,0,9,0,0,3,0,0,0,0,0,0,0,0,0,0
ASV_61223,0,0,0,0,0,0,0,0,0,0,0,0,0,0,0,0,0,0,0,0,0,0,12
ASV_61387,0,0,0,0,0,0,0,0,4,2,1,0,1,0,0,0,0,0,0,0,0,0,0
ASV_61434,0,0,0,0,0,0,0,0,8,0,3,0,0,0,0,0,0,0,0,0,0,0,0
ASV_61449,0,0,0,0,0,0,0,0,0,0,0,0,0,11,0,0,0,0,0,0,0,0,0
ASV_61453,0,0,0,0,0,0,0,0,0,0,0,0,0,0,11,0,0,0,0,0,0,0,0
ASV_61479,0,0,0,0,0,0,0,0,0,0,0,0,0,0,0,0,0,0,0,1,0,0,0
ASV_61713,0,0,0,0,0,0,0,0,0,0,0,0,0,0,0,6,2,3,0,0,0,0,0
ASV_61717,0,0,0,0,0,0,0,0,5,4,0,0,0,0,0,0,0,0,0,0,0,0,0
ASV_61771,0,0,0,0,0,0,0,0,0,2,2,1,0,0,0,0,0,0,0,0,0,0,0
ASV_61841,0,0,0,0,0,0,0,0,0,0,0,0,0,2,0,3,2,0,0,0,0,0,0
ASV_61892,0,0,0,0,0,0,0,11,0,0,0,0,0,0,0,0,0,0,0,0,0,0,0
ASV_61909,0,0,0,0,0,0,0,0,0,0,11,0,0,0,0,0,0,0,0,0,0,0,0
ASV_61931,0,0,0,0,0,8,0,3,0,0,0,0,0,0,0,0,0,0,0,0,0,0,0
ASV_61967,0,0,0,2,1,0,0,0,0,0,0,0,0,0,0,0,0,0,0,0,0,0,0
ASV_62007,0,0,0,0,0,0,0,0,0,0,8,0,0,0,0,0,0,0,0,0,0,0,0
ASV_62051,0,0,0,0,0,0,0,0,0,0,0,0,0,0,0,0,0,11,0,0,0,0,0
ASV_62067,0,0,0,0,0,0,0,0,0,0,0,0,0,0,0,0,11,0,0,0,0,0,0
ASV_62205,0,0,0,0,0,0,11,0,0,0,0,0,0,0,0,0,0,0,0,0,0,0,0
ASV_62211,0,1,0,0,0,0,0,0,0,0,0,0,0,0,0,0,0,0,0,0,0,0,0
ASV_62358,0,0,0,0,0,0,0,0,0,0,0,0,0,6,5,0,0,0,0,0,0,0,0
ASV_62369,0,0,0,0,0,0,0,0,0,0,0,0,0,11,0,0,0,0,0,0,0,0,0
ASV_62370,0,0,0,0,0,0,0,0,0,0,0,0,0,11,0,0,0,0,0,0,0,0,0
ASV_62396,0,0,0,0,0,0,0,0,2,0,0,1,8,0,0,0,0,0,0,0,0,0,0
ASV_62582,0,0,0,0,0,0,0,0,4,1,1,0,5,0,0,0,0,0,0,0,0,0,0
ASV_62590,0,0,0,0,0,0,0,0,2,2,0,3,0,0,0,0,0,0,0,0,0,0,0
ASV_62599,0,0,0,0,0,0,11,0,0,0,0,0,0,0,0,0,0,0,0,0,0,0,0
ASV_62614,0,0,0,0,0,5,0,0,0,0,0,0,0,0,0,0,0,0,0,0,0,0,0
ASV_62620,0,0,0,0,0,0,0,0,0,0,0,0,0,0,0,0,11,0,0,0,0,0,0
ASV_62661,0,0,0,0,0,0,0,0,0,0,0,0,0,7,0,0,0,4,0,0,0,0,0
ASV_62672,0,0,0,0,0,0,0,0,1,0,0,10,0,0,0,0,0,0,0,0,0,0,0
ASV_62673,0,0,0,0,0,0,0,0,0,0,0,0,0,0,0,0,0,0,2,2,5,0,2
ASV_62685,5,4,0,0,2,0,0,0,0,0,0,0,0,0,0,0,0,0,0,0,0,0,0
ASV_62717,0,0,0,0,0,0,11,0,0,0,0,0,0,0,0,0,0,0,0,0,0,0,0
ASV_62798,0,0,0,0,0,0,0,0,0,0,0,0,0,1,8,0,0,0,0,0,0,0,0
ASV_62831,0,0,0,0,0,0,0,0,0,0,0,0,0,2,5,3,0,1,0,0,0,0,0
ASV_62843,0,0,0,0,0,0,0,0,0,0,0,0,0,0,11,0,0,0,0,0,0,0,0
ASV_62911,0,0,0,0,0,11,0,0,0,0,0,0,0,0,0,0,0,0,0,0,0,0,0
ASV_62971,0,0,0,0,0,0,0,0,3,0,5,0,3,0,0,0,0,0,0,0,0,0,0
ASV_63094,0,0,0,0,0,0,0,0,0,0,0,0,0,8,3,0,0,0,0,0,0,0,0
ASV_63161,0,0,0,0,0,1,0,0,1,0,0,0,2,0,1,0,0,0,0,0,1,0,0
ASV_63172,0,0,0,0,0,0,0,0,0,0,0,0,0,2,0,0,0,1,0,0,0,0,0
ASV_63195,0,0,0,0,0,0,0,0,0,0,0,0,0,0,0,0,10,0,0,0,0,0,0
ASV_63285,0,0,0,10,0,0,0,0,0,0,0,0,0,0,0,0,0,0,0,0,0,0,0
ASV_63308,0,0,0,0,0,0,10,0,0,0,0,0,0,0,0,0,0,0,0,0,0,0,0
ASV_63324,0,0,0,0,0,0,0,0,0,0,0,0,1,0,0,0,1,0,0,2,1,1,0
ASV_63331,0,0,0,0,0,0,0,0,0,0,0,0,0,2,0,0,0,8,0,0,0,0,0
ASV_63392,0,0,0,0,0,0,0,0,0,0,0,0,0,10,0,0,0,0,0,0,0,0,0
ASV_63768,0,0,0,0,0,0,0,3,0,0,0,0,1,0,3,0,0,0,0,0,0,0,0
ASV_63771,0,0,0,0,0,0,0,0,0,0,0,1,0,0,0,0,0,0,0,0,0,0,0
ASV_63829,0,0,0,0,0,0,0,0,3,1,3,0,3,0,0,0,0,0,0,0,0,0,0
ASV_63830,0,0,0,0,0,0,0,0,5,5,0,0,0,0,0,0,0,0,0,0,0,0,0
ASV_63836,0,0,0,0,0,0,0,0,0,0,6,0,0,0,0,0,0,0,0,0,0,0,0
ASV_63896,0,0,0,0,0,0,0,0,0,0,0,0,0,0,0,0,10,0,0,0,0,0,0
ASV_63985,0,0,0,0,0,9,0,1,0,0,0,0,0,0,0,0,0,0,0,0,0,0,0
ASV_63987,0,0,0,0,0,0,0,0,0,0,0,0,0,10,0,0,0,0,0,0,0,0,0
ASV_64008,0,0,0,0,0,2,0,0,0,0,0,0,0,0,0,0,0,0,0,0,0,0,0
ASV_64094,0,0,0,0,0,0,0,0,0,0,0,0,0,10,0,0,0,0,0,0,0,0,0
ASV_64115,0,0,0,0,0,0,0,0,0,0,0,0,0,1,0,0,0,0,0,0,0,0,0
ASV_64135,0,0,0,0,0,0,0,0,3,6,1,0,0,0,0,0,0,0,0,0,0,0,0
ASV_64274,0,0,0,0,0,0,0,0,3,2,0,1,2,0,0,0,0,0,0,0,0,0,0
ASV_64390,0,0,0,0,0,0,0,0,0,0,0,0,1,0,0,0,0,0,0,0,0,0,0
ASV_64400,0,0,0,0,0,3,7,0,0,0,0,0,0,0,0,0,0,0,0,0,0,0,0
ASV_64463,0,0,0,0,0,0,0,7,0,0,0,0,0,0,0,0,3,0,0,0,0,0,0
ASV_64488,0,0,0,0,0,10,0,0,0,0,0,0,0,0,0,0,0,0,0,0,0,0,0
ASV_64499,0,0,0,0,0,0,0,0,0,0,0,0,0,0,4,1,0,5,0,0,0,0,0
ASV_64556,0,0,0,0,0,0,0,0,0,1,0,1,8,0,0,0,0,0,0,0,0,0,0
ASV_64585,0,0,0,0,0,5,0,0,0,0,0,0,0,0,0,0,0,0,0,0,0,0,0
ASV_64622,0,0,0,0,0,0,0,0,10,0,0,0,0,0,0,0,0,0,0,0,0,0,0
ASV_64685,0,0,0,0,0,0,0,0,0,0,0,0,10,0,0,0,0,0,0,0,0,0,0
ASV_64703,0,0,0,0,0,0,0,0,0,0,0,0,0,2,3,5,0,0,0,0,0,0,0
ASV_64745,0,0,0,0,0,0,0,0,0,0,0,0,0,0,0,0,0,0,0,0,0,0,10
ASV_64757,0,0,0,0,0,0,0,0,2,0,8,0,0,0,0,0,0,0,0,0,0,0,0
ASV_64778,0,0,0,0,0,2,0,5,0,0,0,0,0,0,0,0,0,0,0,0,0,0,0
ASV_64915,0,4,0,0,0,0,0,0,0,0,0,0,0,0,0,0,0,0,0,0,0,0,0
ASV_64918,0,0,0,0,0,0,0,0,0,0,0,0,0,0,8,0,0,2,0,0,0,0,0
ASV_64973,0,0,0,0,0,0,0,0,0,0,0,0,0,0,3,0,7,0,0,0,0,0,0
ASV_65029,0,0,0,0,0,0,10,0,0,0,0,0,0,0,0,0,0,0,0,0,0,0,0
ASV_65040,0,0,0,0,0,0,0,0,0,0,0,0,0,0,0,0,0,0,0,0,0,10,0
ASV_65050,0,0,0,0,0,0,0,0,0,0,0,0,0,10,0,0,0,0,0,0,0,0,0
ASV_65104,0,0,0,0,0,0,0,0,1,1,1,2,1,0,0,0,0,0,0,0,0,0,0
ASV_65117,0,0,0,0,0,0,0,0,0,2,3,0,5,0,0,0,0,0,0,0,0,0,0
ASV_65230,0,0,0,0,0,0,0,0,0,0,0,0,0,0,0,0,0,0,0,0,0,0,10
ASV_65389,0,0,0,0,0,0,0,0,0,0,0,0,0,0,1,0,7,1,0,0,0,0,0
ASV_65485,0,0,0,0,0,0,0,0,0,8,0,0,1,0,0,0,0,0,0,0,0,0,0
ASV_65870,0,0,0,0,0,0,0,0,0,0,0,9,0,0,0,0,0,0,0,0,0,0,0
ASV_65892,0,0,0,0,0,0,0,0,0,0,0,0,0,0,5,0,4,0,0,0,0,0,0
ASV_65916,0,0,0,0,0,0,0,0,0,0,0,0,7,0,0,0,0,0,0,0,0,0,0
ASV_65945,0,0,0,0,0,0,0,0,0,0,0,0,0,0,4,0,0,0,0,0,0,0,0
ASV_65985,0,0,0,0,0,0,0,0,0,0,0,0,0,3,6,0,0,0,0,0,0,0,0
ASV_66011,0,0,0,0,0,0,0,0,0,1,2,2,1,0,0,0,0,0,0,0,0,0,0
ASV_66285,0,0,0,0,0,0,0,0,0,3,0,0,3,0,0,0,0,0,0,0,0,0,0
ASV_66315,0,0,0,0,0,0,0,0,0,0,0,0,0,0,0,9,0,0,0,0,0,0,0
ASV_66370,0,0,0,0,0,0,0,0,2,5,2,0,0,0,0,0,0,0,0,0,0,0,0
ASV_66435,0,0,0,0,0,0,0,0,0,0,0,0,0,0,9,0,0,0,0,0,0,0,0
ASV_66507,0,0,0,5,4,0,0,0,0,0,0,0,0,0,0,0,0,0,0,0,0,0,0
ASV_66526,0,0,0,0,0,0,0,0,0,0,0,0,0,0,0,9,0,0,0,0,0,0,0
ASV_66583,0,0,0,0,0,0,0,0,0,0,1,0,0,4,0,0,0,4,0,0,0,0,0
ASV_66599,0,0,0,0,0,9,0,0,0,0,0,0,0,0,0,0,0,0,0,0,0,0,0
ASV_66699,0,0,0,0,0,0,0,0,0,0,0,0,0,9,0,0,0,0,0,0,0,0,0
ASV_66720,0,0,0,0,0,0,0,1,0,0,0,0,0,0,0,2,0,0,0,0,0,0,0
ASV_66872,0,0,0,0,0,0,0,0,0,0,0,0,0,9,0,0,0,0,0,0,0,0,0
ASV_66983,0,0,0,0,0,0,0,0,0,0,0,0,0,9,0,0,0,0,0,0,0,0,0
ASV_66992,0,0,0,0,0,0,0,0,0,0,0,0,0,0,0,0,8,1,0,0,0,0,0
ASV_67055,0,0,0,0,0,0,0,0,0,0,0,0,0,0,2,6,0,1,0,0,0,0,0
ASV_67059,0,0,0,0,0,0,0,0,0,0,0,0,0,0,8,0,0,1,0,0,0,0,0
ASV_67273,0,0,0,2,0,0,0,0,0,0,0,0,0,4,0,0,0,0,0,0,0,0,0
ASV_67310,0,0,0,0,0,0,0,0,0,0,0,0,0,0,9,0,0,0,0,0,0,0,0
ASV_67319,0,0,0,0,0,0,0,0,0,0,2,1,1,0,0,0,0,0,0,0,0,0,0
ASV_67321,0,0,0,0,0,0,0,0,0,0,0,0,0,0,0,0,0,0,0,0,0,9,0
ASV_67332,3,0,0,6,0,0,0,0,0,0,0,0,0,0,0,0,0,0,0,0,0,0,0
ASV_67334,2,1,0,3,3,0,0,0,0,0,0,0,0,0,0,0,0,0,0,0,0,0,0
ASV_67384,0,0,0,0,0,0,0,0,3,0,0,0,1,3,0,0,0,0,0,0,0,0,0
ASV_67448,0,0,0,0,0,0,0,9,0,0,0,0,0,0,0,0,0,0,0,0,0,0,0
ASV_67537,0,0,0,0,0,0,0,0,0,0,2,0,4,0,0,0,0,0,0,0,0,0,0
ASV_67636,0,0,0,0,0,3,5,0,0,0,0,0,0,0,0,0,0,0,0,0,0,0,0
ASV_67657,0,0,0,0,0,1,0,4,0,0,0,0,0,0,0,0,0,0,0,0,0,0,0
ASV_67676,0,0,0,0,0,0,0,0,0,0,0,0,7,0,0,0,0,0,0,0,0,0,0
ASV_67703,0,0,0,0,0,0,0,0,3,2,3,0,0,0,0,0,0,0,0,0,0,0,0
ASV_67773,0,0,0,0,0,0,0,0,0,0,0,0,0,7,1,0,0,0,0,0,0,0,0
ASV_67777,0,0,0,0,0,0,0,0,0,0,0,0,0,1,0,0,6,0,0,0,0,0,0
ASV_67807,0,0,0,0,0,0,0,0,0,0,0,0,0,1,0,2,5,0,0,0,0,0,0
ASV_67817,0,0,0,0,0,0,0,0,0,0,0,0,0,0,0,0,8,0,0,0,0,0,0
ASV_68315,0,0,0,0,0,0,0,0,4,0,0,0,0,0,0,1,0,0,0,0,0,0,0
ASV_68334,0,0,0,0,0,1,1,6,0,0,0,0,0,0,0,0,0,0,0,0,0,0,0
ASV_68363,0,0,0,0,0,0,0,0,0,0,0,0,8,0,0,0,0,0,0,0,0,0,0
ASV_68442,0,0,0,0,0,0,0,5,0,0,0,0,3,0,0,0,0,0,0,0,0,0,0
ASV_68454,0,0,0,0,0,0,0,8,0,0,0,0,0,0,0,0,0,0,0,0,0,0,0
ASV_68515,0,0,0,0,0,0,2,6,0,0,0,0,0,0,0,0,0,0,0,0,0,0,0
ASV_68597,0,0,0,0,0,0,2,0,0,0,0,0,0,0,0,0,0,0,0,0,0,0,0
ASV_68712,0,0,0,0,0,0,0,0,1,2,0,5,0,0,0,0,0,0,0,0,0,0,0
ASV_68725,0,0,0,0,0,0,0,0,0,0,0,0,0,0,2,0,3,3,0,0,0,0,0
ASV_68764,0,0,0,0,0,0,0,0,0,0,0,0,0,0,0,0,0,0,0,0,0,0,8
ASV_68838,0,0,0,0,0,0,0,0,0,0,0,0,0,0,8,0,0,0,0,0,0,0,0
ASV_68876,0,0,0,0,0,0,0,0,0,0,0,0,0,5,0,0,0,0,0,0,0,0,0
ASV_68936,0,0,8,0,0,0,0,0,0,0,0,0,0,0,0,0,0,0,0,0,0,0,0
ASV_68946,2,0,0,2,0,0,0,0,0,0,0,0,0,1,3,0,0,0,0,0,0,0,0
ASV_68947,0,0,0,0,0,0,0,4,3,0,0,1,0,0,0,0,0,0,0,0,0,0,0
ASV_68960,0,0,0,0,0,0,0,0,0,0,0,0,0,0,0,0,8,0,0,0,0,0,0
ASV_68971,0,0,0,0,0,0,0,0,0,0,0,0,0,8,0,0,0,0,0,0,0,0,0
ASV_69009,0,0,0,0,0,5,0,3,0,0,0,0,0,0,0,0,0,0,0,0,0,0,0
ASV_69022,0,0,0,0,0,0,0,0,1,0,0,0,0,0,0,0,0,0,0,0,0,0,0
ASV_69069,0,0,0,0,0,0,0,0,0,0,0,0,0,0,0,0,8,0,0,0,0,0,0
ASV_69082,0,0,0,0,0,2,4,0,0,0,0,0,0,0,0,0,0,0,0,0,0,0,0
ASV_69124,0,0,0,0,0,0,0,0,0,0,3,2,0,0,0,0,0,0,0,0,0,0,0
ASV_69174,0,0,0,0,0,0,0,0,0,0,4,0,0,0,0,0,0,0,0,0,0,0,0
ASV_69203,0,0,0,0,0,0,3,5,0,0,0,0,0,0,0,0,0,0,0,0,0,0,0
ASV_69214,0,0,0,0,0,0,0,0,0,0,0,0,0,8,0,0,0,0,0,0,0,0,0
ASV_69235,0,0,0,0,0,0,0,0,0,0,0,0,0,8,0,0,0,0,0,0,0,0,0
ASV_69372,0,0,0,0,0,0,0,0,5,1,0,0,2,0,0,0,0,0,0,0,0,0,0
ASV_69516,0,0,0,0,0,0,0,0,0,0,8,0,0,0,0,0,0,0,0,0,0,0,0
ASV_69531,0,0,0,0,0,0,0,0,0,0,0,5,3,0,0,0,0,0,0,0,0,0,0
ASV_69570,0,0,0,0,0,8,0,0,0,0,0,0,0,0,0,0,0,0,0,0,0,0,0
ASV_69659,0,0,0,0,0,0,0,0,0,0,0,0,0,0,0,0,8,0,0,0,0,0,0
ASV_69676,0,0,0,0,0,0,0,0,0,0,0,0,0,0,0,8,0,0,0,0,0,0,0
ASV_69703,0,0,0,0,8,0,0,0,0,0,0,0,0,0,0,0,0,0,0,0,0,0,0
ASV_69732,4,3,0,0,0,0,0,0,0,0,0,0,0,0,0,0,0,0,0,0,0,0,0
ASV_69961,0,0,0,0,0,0,0,0,3,1,1,0,3,0,0,0,0,0,0,0,0,0,0
ASV_70027,0,0,0,0,0,0,0,8,0,0,0,0,0,0,0,0,0,0,0,0,0,0,0
ASV_70074,0,0,0,0,0,0,0,8,0,0,0,0,0,0,0,0,0,0,0,0,0,0,0
ASV_70103,0,0,0,0,0,0,0,0,0,0,0,0,0,0,0,8,0,0,0,0,0,0,0
ASV_70109,0,0,0,0,0,8,0,0,0,0,0,0,0,0,0,0,0,0,0,0,0,0,0
ASV_70112,0,0,0,0,0,0,0,0,0,0,0,0,0,0,0,8,0,0,0,0,0,0,0
ASV_70120,0,0,0,0,0,0,0,0,0,0,0,2,0,0,0,0,0,0,0,0,0,0,0
ASV_70189,1,0,0,0,0,0,0,0,0,0,0,0,0,0,1,0,0,0,0,0,0,0,0
ASV_70214,0,0,0,0,0,0,0,0,0,0,8,0,0,0,0,0,0,0,0,0,0,0,0
ASV_70223,0,0,0,0,0,0,0,0,0,1,0,0,0,0,5,0,2,0,0,0,0,0,0
ASV_70288,0,0,0,0,0,0,0,0,0,0,0,0,0,3,4,0,1,0,0,0,0,0,0
ASV_70336,0,0,0,0,0,8,0,0,0,0,0,0,0,0,0,0,0,0,0,0,0,0,0
ASV_70430,0,0,0,0,0,0,0,0,0,0,0,0,0,0,8,0,0,0,0,0,0,0,0
ASV_70491,0,0,0,0,0,0,0,0,0,0,0,0,0,0,0,0,0,0,0,0,1,0,0
ASV_70656,0,0,0,0,0,0,0,0,0,0,0,0,0,1,0,0,0,0,0,0,0,6,0
ASV_70674,0,0,0,0,0,2,2,1,0,0,0,0,0,0,0,0,0,0,0,0,0,0,0
ASV_70758,0,0,0,0,0,0,0,0,0,0,0,7,0,0,0,0,0,0,0,0,0,0,0
ASV_70780,0,0,0,0,0,0,7,0,0,0,0,0,0,0,0,0,0,0,0,0,0,0,0
ASV_70997,0,0,0,0,0,0,0,0,0,0,2,4,1,0,0,0,0,0,0,0,0,0,0
ASV_71004,0,0,0,0,0,0,0,0,0,0,0,0,4,0,0,0,0,0,0,0,0,0,0
ASV_71023,0,0,0,0,0,0,0,0,0,0,0,0,7,0,0,0,0,0,0,0,0,0,0
ASV_71289,0,0,0,0,0,7,0,0,0,0,0,0,0,0,0,0,0,0,0,0,0,0,0
ASV_71311,0,0,0,0,0,0,0,0,0,0,0,0,0,7,0,0,0,0,0,0,0,0,0
ASV_71411,0,0,0,0,0,0,0,0,0,0,0,0,0,0,0,7,0,0,0,0,0,0,0
ASV_71517,0,0,0,0,0,0,0,0,0,0,0,1,0,0,0,0,0,0,0,0,0,0,0
ASV_71525,0,0,0,0,0,0,0,0,0,0,0,0,0,0,7,0,0,0,0,0,0,0,0
ASV_71529,0,0,0,0,0,0,0,0,4,0,0,0,0,0,0,0,0,0,0,0,0,0,0
ASV_71537,0,0,0,0,0,0,0,0,0,0,0,0,0,0,0,0,7,0,0,0,0,0,0
ASV_71652,0,0,0,0,0,0,0,2,0,0,0,0,0,0,0,0,0,0,0,0,0,0,0
ASV_71687,0,0,0,0,0,0,0,0,3,0,2,1,1,0,0,0,0,0,0,0,0,0,0
ASV_71730,0,0,0,0,0,0,0,0,0,0,0,0,0,0,0,0,7,0,0,0,0,0,0
ASV_71746,0,0,0,0,0,0,0,0,0,0,0,0,0,7,0,0,0,0,0,0,0,0,0
ASV_71748,0,0,0,0,0,0,0,0,4,3,0,0,0,0,0,0,0,0,0,0,0,0,0
ASV_71759,0,0,0,0,0,0,0,0,4,3,0,0,0,0,0,0,0,0,0,0,0,0,0
ASV_71950,0,0,0,0,1,0,0,0,0,0,0,0,0,0,0,0,0,0,0,0,0,0,0
ASV_71978,0,0,0,0,0,0,0,0,0,0,0,0,0,0,7,0,0,0,0,0,0,0,0
ASV_72010,0,0,0,0,0,0,0,0,0,0,0,0,0,0,3,0,0,0,0,0,0,0,0
ASV_72112,0,0,0,0,0,0,0,0,0,0,0,0,0,3,0,0,4,0,0,0,0,0,0
ASV_72123,0,0,0,0,0,0,0,0,0,0,3,4,0,0,0,0,0,0,0,0,0,0,0
ASV_72164,0,0,0,0,0,7,0,0,0,0,0,0,0,0,0,0,0,0,0,0,0,0,0
ASV_72176,0,0,0,0,0,0,7,0,0,0,0,0,0,0,0,0,0,0,0,0,0,0,0
ASV_72290,0,0,0,0,0,0,0,0,0,0,0,0,0,0,0,0,0,7,0,0,0,0,0
ASV_72330,0,0,0,0,0,0,7,0,0,0,0,0,0,0,0,0,0,0,0,0,0,0,0
ASV_72367,0,0,0,0,0,0,0,0,0,0,0,0,0,7,0,0,0,0,0,0,0,0,0
ASV_72425,0,0,0,0,0,0,0,0,7,0,0,0,0,0,0,0,0,0,0,0,0,0,0
ASV_72434,0,0,0,0,0,0,0,0,0,0,0,0,1,0,0,0,0,0,0,0,0,0,0
ASV_72460,0,0,0,0,0,0,0,0,0,0,0,0,0,0,2,5,0,0,0,0,0,0,0
ASV_72528,0,0,0,0,0,0,0,0,0,0,0,0,0,0,0,0,0,7,0,0,0,0,0
ASV_72573,0,0,0,0,0,0,0,0,7,0,0,0,0,0,0,0,0,0,0,0,0,0,0
ASV_72576,0,0,0,0,0,2,0,0,0,0,0,0,0,0,0,0,0,0,0,0,0,0,0
ASV_72606,0,0,0,0,0,0,0,0,0,0,0,0,7,0,0,0,0,0,0,0,0,0,0
ASV_72609,0,0,0,0,0,0,0,0,1,0,0,0,1,0,0,0,0,0,0,0,0,0,0
ASV_72621,0,0,0,0,0,0,0,0,0,0,0,0,0,0,0,0,7,0,0,0,0,0,0
ASV_72643,0,0,0,0,0,0,0,0,0,0,0,0,0,0,0,0,0,0,0,7,0,0,0
ASV_72656,0,0,0,0,0,0,0,0,4,0,1,0,2,0,0,0,0,0,0,0,0,0,0
ASV_72683,0,0,0,0,0,0,0,0,0,1,3,2,1,0,0,0,0,0,0,0,0,0,0
ASV_72720,0,0,0,0,0,0,0,0,0,0,0,2,5,0,0,0,0,0,0,0,0,0,0
ASV_72734,0,0,0,0,0,0,0,0,0,0,0,0,7,0,0,0,0,0,0,0,0,0,0
ASV_72754,0,0,0,0,0,0,0,0,0,0,0,0,0,0,3,0,0,0,0,0,0,0,0
ASV_72756,0,0,0,0,0,0,0,0,0,0,0,0,0,0,0,0,0,0,0,0,0,0,7
ASV_72763,0,0,0,0,7,0,0,0,0,0,0,0,0,0,0,0,0,0,0,0,0,0,0
ASV_72871,0,0,0,0,0,0,0,0,0,0,0,0,0,0,0,3,4,0,0,0,0,0,0
ASV_72976,0,0,0,0,0,7,0,0,0,0,0,0,0,0,0,0,0,0,0,0,0,0,0
ASV_72982,0,0,0,0,0,0,0,0,0,0,0,0,0,0,7,0,0,0,0,0,0,0,0
ASV_73049,0,0,0,0,0,0,0,0,0,0,0,0,0,0,0,0,0,0,0,0,0,0,7
ASV_73088,0,0,0,0,0,0,0,0,0,0,0,0,0,6,1,0,0,0,0,0,0,0,0
ASV_73185,0,0,7,0,0,0,0,0,0,0,0,0,0,0,0,0,0,0,0,0,0,0,0
ASV_73193,0,0,0,0,0,0,0,0,0,0,0,0,0,0,0,6,0,1,0,0,0,0,0
ASV_73202,0,0,0,0,0,0,0,0,7,0,0,0,0,0,0,0,0,0,0,0,0,0,0
ASV_73227,0,0,0,0,0,0,2,0,0,0,0,0,0,0,0,0,0,0,0,0,0,0,0
ASV_73282,0,0,0,0,0,0,0,0,0,0,0,0,0,2,0,0,2,0,0,0,0,0,0
ASV_73284,0,0,0,0,0,1,0,0,0,0,0,0,0,0,0,0,0,0,0,0,0,0,0
ASV_73316,2,1,0,0,1,0,0,1,0,0,0,0,0,0,0,0,0,0,0,0,0,0,0
ASV_73335,0,0,0,0,0,0,0,0,0,0,0,0,7,0,0,0,0,0,0,0,0,0,0
ASV_73340,0,0,0,0,0,0,0,0,0,7,0,0,0,0,0,0,0,0,0,0,0,0,0
ASV_73354,0,0,0,0,0,0,0,0,0,0,0,0,0,7,0,0,0,0,0,0,0,0,0
ASV_73371,0,0,0,0,0,0,0,0,0,0,0,0,0,0,7,0,0,0,0,0,0,0,0
ASV_73432,0,0,0,0,0,0,1,0,0,0,0,0,6,0,0,0,0,0,0,0,0,0,0
ASV_73469,0,0,0,0,0,0,0,0,5,0,0,2,0,0,0,0,0,0,0,0,0,0,0
ASV_73472,0,0,0,0,0,7,0,0,0,0,0,0,0,0,0,0,0,0,0,0,0,0,0
ASV_73481,7,0,0,0,0,0,0,0,0,0,0,0,0,0,0,0,0,0,0,0,0,0,0
ASV_73483,0,0,0,0,1,0,0,0,0,0,0,0,0,0,0,0,0,0,0,0,0,0,0
ASV_73529,0,0,0,0,0,0,0,0,0,0,0,0,0,7,0,0,0,0,0,0,0,0,0
ASV_73728,0,0,0,0,0,0,0,0,0,0,0,0,0,0,0,0,0,7,0,0,0,0,0
ASV_73780,0,0,0,0,0,0,0,0,0,0,0,0,0,0,0,7,0,0,0,0,0,0,0
ASV_74034,0,0,0,0,0,0,0,2,0,4,0,0,0,0,0,0,0,0,0,0,0,0,0
ASV_74114,0,0,6,0,0,0,0,0,0,0,0,0,0,0,0,0,0,0,0,0,0,0,0
ASV_74159,0,0,0,0,0,0,0,0,0,0,0,0,0,0,6,0,0,0,0,0,0,0,0
ASV_74170,2,0,0,0,4,0,0,0,0,0,0,0,0,0,0,0,0,0,0,0,0,0,0
ASV_74171,0,0,0,0,0,0,0,0,0,0,6,0,0,0,0,0,0,0,0,0,0,0,0
ASV_74208,0,0,0,0,0,0,0,0,3,2,0,0,0,0,0,0,0,0,0,0,0,0,0
ASV_74313,0,0,0,0,0,0,0,0,0,0,0,0,0,0,0,6,0,0,0,0,0,0,0
ASV_74481,3,0,0,0,0,0,0,0,0,0,0,0,0,0,0,0,0,0,0,0,0,0,0
ASV_74575,0,0,0,0,0,0,1,2,0,0,0,0,0,0,0,0,0,0,0,0,0,0,0
ASV_74580,0,0,0,0,0,0,0,0,5,0,0,0,1,0,0,0,0,0,0,0,0,0,0
ASV_74902,0,0,0,0,0,0,0,0,0,0,0,0,0,2,0,2,0,2,0,0,0,0,0
ASV_74925,0,0,0,0,0,0,0,0,0,0,0,0,0,0,0,0,0,6,0,0,0,0,0
ASV_74953,0,0,0,0,0,0,0,0,2,0,2,1,1,0,0,0,0,0,0,0,0,0,0
ASV_74995,3,0,0,2,1,0,0,0,0,0,0,0,0,0,0,0,0,0,0,0,0,0,0
ASV_75030,0,0,0,0,0,0,0,0,0,0,0,0,0,0,0,0,6,0,0,0,0,0,0
ASV_75050,0,0,0,0,0,0,6,0,0,0,0,0,0,0,0,0,0,0,0,0,0,0,0
ASV_75069,0,0,0,0,0,0,0,4,0,0,0,0,0,0,0,0,0,0,0,0,0,0,0
ASV_75075,0,0,0,0,0,0,0,0,6,0,0,0,0,0,0,0,0,0,0,0,0,0,0
ASV_75102,0,0,0,0,0,0,0,0,0,0,0,0,0,0,5,0,0,1,0,0,0,0,0
ASV_75103,0,0,0,0,0,0,0,0,0,0,0,0,0,0,1,3,0,0,0,0,0,0,0
ASV_75149,0,0,0,0,0,0,0,0,0,6,0,0,0,0,0,0,0,0,0,0,0,0,0
ASV_75183,0,0,0,0,0,0,0,0,0,0,0,0,0,5,0,1,0,0,0,0,0,0,0
ASV_75190,0,0,0,0,0,3,0,3,0,0,0,0,0,0,0,0,0,0,0,0,0,0,0
ASV_75213,0,0,0,0,0,6,0,0,0,0,0,0,0,0,0,0,0,0,0,0,0,0,0
ASV_75227,2,2,0,0,0,0,0,0,0,0,0,0,0,0,0,0,0,0,0,0,0,0,0
ASV_75297,0,0,0,0,0,0,0,0,0,0,0,0,0,0,0,6,0,0,0,0,0,0,0
ASV_75328,0,0,0,0,0,0,0,0,0,0,0,0,0,3,0,0,0,3,0,0,0,0,0
ASV_75341,0,0,0,0,0,0,6,0,0,0,0,0,0,0,0,0,0,0,0,0,0,0,0
ASV_75344,0,0,0,0,0,0,0,0,0,0,0,0,0,0,0,0,0,6,0,0,0,0,0
ASV_75371,0,0,0,0,0,0,0,0,0,0,0,0,0,0,0,0,0,6,0,0,0,0,0
ASV_75443,0,0,0,0,0,0,0,0,0,0,0,0,0,0,0,0,0,0,0,0,0,0,6
ASV_75444,0,0,0,0,0,0,0,0,0,0,0,0,0,0,0,0,0,0,0,0,0,0,6
ASV_75500,0,0,0,0,0,0,0,0,0,0,0,0,0,0,6,0,0,0,0,0,0,0,0
ASV_75510,0,0,4,0,0,0,0,0,0,0,0,0,0,0,0,0,0,0,0,0,0,0,0
ASV_75582,0,0,0,0,0,0,0,0,0,0,0,0,0,0,0,5,0,1,0,0,0,0,0
ASV_75594,0,0,0,0,0,0,0,0,3,0,1,2,0,0,0,0,0,0,0,0,0,0,0
ASV_75608,0,0,0,0,0,0,0,6,0,0,0,0,0,0,0,0,0,0,0,0,0,0,0
ASV_75694,0,0,0,0,0,0,0,0,4,0,0,0,0,2,0,0,0,0,0,0,0,0,0
ASV_75767,0,0,0,0,0,0,0,0,0,0,0,0,0,0,6,0,0,0,0,0,0,0,0
ASV_75836,0,0,0,0,0,0,0,0,0,0,0,0,0,0,0,0,0,0,0,2,0,4,0
ASV_75908,0,0,0,0,0,0,0,0,0,0,0,0,0,0,6,0,0,0,0,0,0,0,0
ASV_75970,0,0,0,0,0,0,0,0,0,0,0,0,0,0,0,0,0,0,1,0,0,0,0
ASV_76066,0,0,0,0,0,0,0,0,2,0,0,4,0,0,0,0,0,0,0,0,0,0,0
ASV_76104,0,0,0,0,0,0,0,0,0,0,0,0,0,0,0,0,6,0,0,0,0,0,0
ASV_76196,0,0,0,0,0,0,0,0,0,0,0,0,0,0,0,0,0,6,0,0,0,0,0
ASV_76224,0,0,0,0,0,0,0,2,0,0,0,0,0,0,0,0,0,0,0,0,0,0,0
ASV_76243,0,0,0,0,0,0,0,0,0,0,0,6,0,0,0,0,0,0,0,0,0,0,0
ASV_76309,0,0,0,0,0,0,3,3,0,0,0,0,0,0,0,0,0,0,0,0,0,0,0
ASV_76361,0,0,0,0,0,0,0,0,3,0,3,0,0,0,0,0,0,0,0,0,0,0,0
ASV_76378,1,0,0,0,0,0,0,0,0,0,0,0,0,0,0,0,0,0,0,0,0,0,0
ASV_76385,0,0,0,0,0,0,2,0,0,0,0,0,0,0,4,0,0,0,0,0,0,0,0
ASV_76446,0,0,0,0,0,0,0,0,0,0,0,0,0,0,0,6,0,0,0,0,0,0,0
ASV_76480,0,1,2,3,0,0,0,0,0,0,0,0,0,0,0,0,0,0,0,0,0,0,0
ASV_76486,0,0,0,0,0,3,0,0,0,0,0,0,0,0,0,0,0,0,0,0,0,0,0
ASV_76523,0,0,0,0,0,0,0,0,0,0,0,0,0,0,0,0,0,0,0,0,0,0,6
ASV_76560,0,0,5,0,1,0,0,0,0,0,0,0,0,0,0,0,0,0,0,0,0,0,0
ASV_76626,0,0,0,0,0,0,0,0,0,0,0,0,0,0,0,0,0,0,6,0,0,0,0
ASV_76636,0,0,0,0,0,0,6,0,0,0,0,0,0,0,0,0,0,0,0,0,0,0,0
ASV_76722,0,0,0,0,0,0,0,0,0,0,0,0,0,0,0,6,0,0,0,0,0,0,0
ASV_76810,0,0,0,0,0,0,0,0,0,4,0,0,2,0,0,0,0,0,0,0,0,0,0
ASV_76860,0,0,0,0,0,0,0,0,0,0,0,1,1,0,0,0,0,0,0,0,0,0,0
ASV_76892,0,0,0,0,0,0,6,0,0,0,0,0,0,0,0,0,0,0,0,0,0,0,0
ASV_76903,0,0,0,0,0,0,0,0,0,0,0,0,0,6,0,0,0,0,0,0,0,0,0
ASV_76906,0,0,0,0,0,0,0,0,0,0,0,0,0,6,0,0,0,0,0,0,0,0,0
ASV_76931,0,0,0,0,0,0,0,0,0,0,0,0,6,0,0,0,0,0,0,0,0,0,0
ASV_76948,0,0,0,0,2,0,0,0,0,0,0,0,0,0,0,0,0,0,0,0,0,0,0
ASV_76960,0,0,0,0,0,0,0,0,6,0,0,0,0,0,0,0,0,0,0,0,0,0,0
ASV_77061,4,0,0,2,0,0,0,0,0,0,0,0,0,0,0,0,0,0,0,0,0,0,0
ASV_77138,0,0,0,0,0,0,0,0,3,3,0,0,0,0,0,0,0,0,0,0,0,0,0
ASV_77212,0,0,0,0,0,0,0,0,0,0,0,0,0,3,0,0,0,1,0,0,0,0,0
ASV_77451,0,0,0,0,0,0,0,0,0,0,0,0,0,0,6,0,0,0,0,0,0,0,0
ASV_77490,0,0,0,0,0,0,0,0,0,0,0,0,1,0,0,0,0,0,0,0,0,0,0
ASV_77516,0,0,0,0,0,0,6,0,0,0,0,0,0,0,0,0,0,0,0,0,0,0,0
ASV_77537,0,0,0,0,0,0,0,0,0,0,0,0,0,6,0,0,0,0,0,0,0,0,0
ASV_77540,0,0,0,0,0,0,6,0,0,0,0,0,0,0,0,0,0,0,0,0,0,0,0
ASV_77556,0,0,0,0,0,3,0,3,0,0,0,0,0,0,0,0,0,0,0,0,0,0,0
ASV_77565,0,0,0,0,0,0,0,0,5,1,0,0,0,0,0,0,0,0,0,0,0,0,0
ASV_77631,0,0,0,0,0,0,0,0,0,3,3,0,0,0,0,0,0,0,0,0,0,0,0
ASV_77672,0,0,0,0,0,0,0,0,0,0,2,0,1,0,0,0,0,0,0,0,0,0,0
ASV_77728,0,0,0,0,0,0,0,0,0,0,0,0,6,0,0,0,0,0,0,0,0,0,0
ASV_77760,0,0,0,0,0,0,0,0,0,0,1,0,0,0,0,0,0,0,0,0,0,0,0
ASV_77769,0,0,0,0,0,0,0,0,0,0,1,0,1,0,0,0,0,0,0,0,0,0,0
ASV_77796,0,0,0,0,0,0,3,0,3,0,0,0,0,0,0,0,0,0,0,0,0,0,0
ASV_78070,0,0,0,0,0,0,0,0,0,0,1,0,0,0,0,0,0,0,0,0,0,0,0
ASV_78455,0,0,0,0,0,0,0,1,0,0,0,0,0,0,0,0,0,0,0,0,0,0,0
ASV_78555,0,0,0,0,0,0,0,0,0,0,0,0,0,0,0,0,0,5,0,0,0,0,0
ASV_78605,0,0,0,0,0,0,5,0,0,0,0,0,0,0,0,0,0,0,0,0,0,0,0
ASV_78624,0,0,5,0,0,0,0,0,0,0,0,0,0,0,0,0,0,0,0,0,0,0,0
ASV_78628,0,0,0,0,0,0,0,0,0,0,4,0,1,0,0,0,0,0,0,0,0,0,0
ASV_78886,0,0,0,0,0,0,1,0,0,0,0,0,0,0,0,0,0,0,0,0,0,0,0
ASV_78976,0,0,0,0,0,0,0,0,2,2,0,0,1,0,0,0,0,0,0,0,0,0,0
ASV_79104,0,0,0,0,0,3,0,2,0,0,0,0,0,0,0,0,0,0,0,0,0,0,0
ASV_79629,0,0,0,0,0,0,0,0,0,3,0,2,0,0,0,0,0,0,0,0,0,0,0
ASV_79659,0,0,0,0,0,0,0,1,0,0,0,0,0,0,0,0,0,0,0,0,0,0,0
ASV_79714,0,0,0,0,0,0,0,0,0,0,0,0,0,0,3,0,0,1,0,0,0,0,0
ASV_79753,0,0,0,0,0,0,0,0,0,0,0,0,0,0,0,0,0,2,0,0,0,0,0
ASV_79949,0,0,0,0,0,0,0,0,0,0,0,0,0,5,0,0,0,0,0,0,0,0,0
ASV_80010,0,0,0,0,0,0,0,0,0,0,0,0,0,0,0,0,0,5,0,0,0,0,0
ASV_80030,0,0,0,0,0,0,0,0,0,2,2,0,0,0,0,0,0,0,0,0,0,0,0
ASV_80036,0,0,0,0,0,0,0,0,0,0,0,0,0,0,5,0,0,0,0,0,0,0,0
ASV_80074,0,0,0,2,3,0,0,0,0,0,0,0,0,0,0,0,0,0,0,0,0,0,0
ASV_80087,0,0,0,0,0,0,2,0,0,0,0,0,3,0,0,0,0,0,0,0,0,0,0
ASV_80099,0,0,0,0,0,0,0,0,0,0,0,0,0,0,0,0,5,0,0,0,0,0,0
ASV_80192,0,0,0,0,0,0,5,0,0,0,0,0,0,0,0,0,0,0,0,0,0,0,0
ASV_80245,0,0,0,0,0,0,0,0,0,0,0,0,0,5,0,0,0,0,0,0,0,0,0
ASV_80285,0,0,0,0,0,0,0,0,0,0,0,0,0,0,0,5,0,0,0,0,0,0,0
ASV_80344,0,0,0,0,0,0,0,5,0,0,0,0,0,0,0,0,0,0,0,0,0,0,0
ASV_80350,0,0,0,0,0,0,0,0,0,0,0,0,0,0,0,0,0,0,0,0,0,0,5
ASV_80379,0,0,0,0,0,0,0,0,0,0,0,0,0,0,0,0,0,0,0,0,0,0,5
ASV_80380,0,0,0,0,0,0,0,0,0,0,0,0,0,0,0,0,0,0,0,0,0,0,5
ASV_80559,0,0,0,0,0,0,0,0,0,0,0,5,0,0,0,0,0,0,0,0,0,0,0
ASV_80661,0,0,0,0,0,5,0,0,0,0,0,0,0,0,0,0,0,0,0,0,0,0,0
ASV_80686,0,0,0,0,0,0,0,0,0,0,0,0,0,0,5,0,0,0,0,0,0,0,0
ASV_80741,0,0,0,0,0,0,0,0,0,0,0,0,0,0,0,5,0,0,0,0,0,0,0
ASV_80742,0,0,0,0,0,0,0,0,0,0,0,0,0,5,0,0,0,0,0,0,0,0,0
ASV_80798,0,0,0,0,0,0,0,0,0,0,0,0,0,0,0,0,2,3,0,0,0,0,0
ASV_80877,0,0,0,0,0,0,0,0,0,0,0,0,0,5,0,0,0,0,0,0,0,0,0
ASV_80917,0,0,4,0,0,0,0,0,0,0,0,0,0,0,0,0,0,0,0,0,0,0,0
ASV_80919,0,0,0,0,0,0,0,0,0,0,5,0,0,0,0,0,0,0,0,0,0,0,0
ASV_80928,0,0,0,0,0,0,0,0,0,0,0,0,0,0,5,0,0,0,0,0,0,0,0
ASV_80949,0,0,0,0,0,0,0,0,0,0,0,0,0,0,0,5,0,0,0,0,0,0,0
ASV_81105,0,0,0,0,0,0,0,0,5,0,0,0,0,0,0,0,0,0,0,0,0,0,0
ASV_81111,0,0,0,2,1,0,0,0,0,0,0,0,0,0,0,0,0,0,0,0,0,0,0
ASV_81127,0,0,0,0,0,0,5,0,0,0,0,0,0,0,0,0,0,0,0,0,0,0,0
ASV_81135,0,0,0,0,0,0,0,0,0,0,0,0,0,5,0,0,0,0,0,0,0,0,0
ASV_81146,0,0,0,0,0,0,0,0,0,0,5,0,0,0,0,0,0,0,0,0,0,0,0
ASV_81193,0,0,0,0,0,0,0,0,0,0,0,0,0,0,1,0,4,0,0,0,0,0,0
ASV_81258,0,0,0,0,0,0,0,0,0,0,0,0,0,3,2,0,0,0,0,0,0,0,0
ASV_81266,0,0,0,0,0,0,0,0,0,0,0,0,0,0,2,0,2,0,0,0,0,0,0
ASV_81538,0,0,0,0,0,0,2,0,0,0,0,0,0,0,0,0,0,0,0,0,0,0,0
ASV_81580,0,0,0,0,0,0,0,0,0,0,0,0,0,0,1,0,0,0,0,0,0,0,0
ASV_81599,0,0,0,0,0,0,0,0,0,0,0,0,0,5,0,0,0,0,0,0,0,0,0
ASV_81667,0,0,0,0,0,0,0,0,3,0,1,1,0,0,0,0,0,0,0,0,0,0,0
ASV_81759,0,0,0,0,0,0,5,0,0,0,0,0,0,0,0,0,0,0,0,0,0,0,0
ASV_81822,0,0,0,0,0,0,0,0,0,3,2,0,0,0,0,0,0,0,0,0,0,0,0
ASV_81912,0,0,0,0,0,0,0,0,0,0,0,0,0,5,0,0,0,0,0,0,0,0,0
ASV_82040,0,0,0,0,0,0,0,0,0,1,0,0,4,0,0,0,0,0,0,0,0,0,0
ASV_82078,0,0,0,0,0,0,0,0,0,0,4,0,0,0,0,0,0,0,0,0,0,0,0
ASV_82086,0,0,0,0,0,0,0,0,0,0,0,0,0,0,0,0,0,5,0,0,0,0,0
ASV_82135,0,0,0,0,0,0,0,0,0,0,0,0,0,0,0,0,0,5,0,0,0,0,0
ASV_82167,0,0,0,0,0,0,0,0,5,0,0,0,0,0,0,0,0,0,0,0,0,0,0
ASV_82192,0,0,0,0,0,5,0,0,0,0,0,0,0,0,0,0,0,0,0,0,0,0,0
ASV_82197,0,0,0,0,0,0,2,0,0,0,0,0,0,0,0,0,0,0,0,0,0,0,0
ASV_82204,0,0,0,0,0,0,5,0,0,0,0,0,0,0,0,0,0,0,0,0,0,0,0
ASV_82215,0,1,0,0,0,0,0,0,0,0,0,0,0,0,0,0,0,0,0,0,0,0,0
ASV_82277,0,0,0,0,0,0,0,5,0,0,0,0,0,0,0,0,0,0,0,0,0,0,0
ASV_82367,0,0,0,0,0,3,0,0,0,0,0,0,0,0,0,0,0,0,0,0,0,0,0
ASV_82409,0,0,0,0,0,0,0,5,0,0,0,0,0,0,0,0,0,0,0,0,0,0,0
ASV_82460,0,0,0,0,0,0,0,0,0,0,0,0,0,0,5,0,0,0,0,0,0,0,0
ASV_82768,0,0,0,0,0,0,0,0,0,2,0,3,0,0,0,0,0,0,0,0,0,0,0
ASV_82783,0,0,0,0,0,0,0,0,0,0,0,0,0,1,4,0,0,0,0,0,0,0,0
ASV_82788,0,0,0,0,0,0,5,0,0,0,0,0,0,0,0,0,0,0,0,0,0,0,0
ASV_82798,0,0,0,0,0,0,0,0,5,0,0,0,0,0,0,0,0,0,0,0,0,0,0
ASV_82803,0,0,0,0,0,0,0,0,1,0,1,0,3,0,0,0,0,0,0,0,0,0,0
ASV_83030,0,0,0,0,0,0,0,0,0,0,0,0,0,0,5,0,0,0,0,0,0,0,0
ASV_83055,0,0,0,0,0,0,0,0,0,0,0,0,0,0,0,0,0,5,0,0,0,0,0
ASV_83101,0,0,0,0,0,0,0,0,0,0,0,0,0,0,0,0,0,0,0,0,0,0,5
ASV_83221,0,0,0,0,0,0,0,0,0,0,5,0,0,0,0,0,0,0,0,0,0,0,0
ASV_83223,0,0,0,0,0,0,0,0,0,0,0,3,0,0,0,0,0,0,0,0,0,0,0
ASV_83229,0,0,0,0,0,0,0,0,0,0,5,0,0,0,0,0,0,0,0,0,0,0,0
ASV_83230,0,0,0,0,0,2,1,2,0,0,0,0,0,0,0,0,0,0,0,0,0,0,0
ASV_83234,0,0,0,0,0,0,0,0,5,0,0,0,0,0,0,0,0,0,0,0,0,0,0
ASV_83235,0,0,0,0,0,0,0,0,0,5,0,0,0,0,0,0,0,0,0,0,0,0,0
ASV_83250,0,0,0,0,0,0,0,0,0,0,0,0,0,3,0,0,0,2,0,0,0,0,0
ASV_83268,0,0,0,0,0,0,0,0,0,0,1,0,0,0,0,0,0,0,0,0,0,0,0
ASV_83288,0,0,0,0,0,4,0,1,0,0,0,0,0,0,0,0,0,0,0,0,0,0,0
ASV_83293,0,0,0,0,0,0,0,0,0,0,0,0,4,0,0,0,0,0,0,0,0,0,0
ASV_83294,0,0,0,0,0,0,0,0,0,0,0,2,3,0,0,0,0,0,0,0,0,0,0
ASV_83298,0,0,0,0,0,0,0,0,3,0,0,2,0,0,0,0,0,0,0,0,0,0,0
ASV_83340,0,0,0,0,0,0,0,0,0,0,0,0,0,3,2,0,0,0,0,0,0,0,0
ASV_83352,0,0,0,0,0,0,0,0,0,0,0,0,0,3,0,1,1,0,0,0,0,0,0
ASV_83455,0,0,0,0,0,0,0,0,0,0,2,0,0,0,0,0,0,0,0,0,0,0,0
ASV_83507,0,0,0,0,0,0,0,0,0,0,0,0,0,5,0,0,0,0,0,0,0,0,0
ASV_83549,0,0,0,0,0,0,0,0,0,0,0,4,0,0,0,1,0,0,0,0,0,0,0
ASV_83564,0,0,1,0,0,0,0,0,0,0,0,0,0,0,0,0,0,0,0,0,0,0,0
ASV_83662,0,0,0,0,0,0,0,0,0,0,5,0,0,0,0,0,0,0,0,0,0,0,0
ASV_83732,0,0,0,0,0,0,0,0,0,0,0,0,0,0,0,0,5,0,0,0,0,0,0
ASV_83734,0,0,0,0,0,0,0,0,0,0,0,0,5,0,0,0,0,0,0,0,0,0,0
ASV_83844,5,0,0,0,0,0,0,0,0,0,0,0,0,0,0,0,0,0,0,0,0,0,0
ASV_83932,0,0,0,0,0,0,0,0,0,1,1,0,3,0,0,0,0,0,0,0,0,0,0
ASV_83944,0,0,0,0,0,5,0,0,0,0,0,0,0,0,0,0,0,0,0,0,0,0,0
ASV_83949,0,0,0,0,0,0,0,0,0,0,0,0,0,0,1,0,0,0,0,0,0,0,0
ASV_84542,0,0,0,0,0,0,0,0,0,0,0,4,0,0,0,0,0,0,0,0,0,0,0
ASV_84543,0,0,0,0,0,0,0,0,0,0,0,0,0,0,0,0,4,0,0,0,0,0,0
ASV_84551,0,0,0,0,0,0,0,0,0,0,0,0,0,0,3,0,0,1,0,0,0,0,0
ASV_84564,0,0,0,0,0,0,0,0,0,0,0,0,0,0,0,0,0,4,0,0,0,0,0
ASV_84565,0,0,0,0,0,0,1,0,0,0,0,0,0,0,0,0,0,0,0,0,0,0,0
ASV_84634,0,0,0,0,0,0,0,0,0,0,0,0,0,0,0,0,4,0,0,0,0,0,0
ASV_84668,0,0,0,0,0,0,4,0,0,0,0,0,0,0,0,0,0,0,0,0,0,0,0
ASV_84722,0,0,4,0,0,0,0,0,0,0,0,0,0,0,0,0,0,0,0,0,0,0,0
ASV_84744,0,0,0,0,0,0,0,0,0,0,0,0,0,4,0,0,0,0,0,0,0,0,0
ASV_84815,0,0,0,0,0,0,4,0,0,0,0,0,0,0,0,0,0,0,0,0,0,0,0
ASV_84833,0,0,0,0,0,0,0,0,0,0,0,0,0,2,0,2,0,0,0,0,0,0,0
ASV_84905,0,0,0,0,0,1,0,3,0,0,0,0,0,0,0,0,0,0,0,0,0,0,0
ASV_85112,0,0,0,0,0,0,0,0,0,0,0,0,0,0,0,0,4,0,0,0,0,0,0
ASV_85130,0,0,0,0,0,0,0,0,4,0,0,0,0,0,0,0,0,0,0,0,0,0,0
ASV_86340,0,0,0,0,0,0,4,0,0,0,0,0,0,0,0,0,0,0,0,0,0,0,0
ASV_86359,0,0,0,0,0,0,0,0,0,0,4,0,0,0,0,0,0,0,0,0,0,0,0
ASV_86417,0,0,0,0,0,0,0,0,0,0,0,0,0,0,3,0,1,0,0,0,0,0,0
ASV_86429,0,0,0,0,0,0,0,0,0,0,0,0,0,0,4,0,0,0,0,0,0,0,0
ASV_86455,0,0,0,0,0,0,0,0,0,0,0,0,0,0,0,0,0,0,0,0,4,0,0
ASV_86484,0,0,0,0,0,0,0,0,0,0,0,0,0,0,4,0,0,0,0,0,0,0,0
ASV_86497,0,0,0,0,0,0,0,0,0,0,0,4,0,0,0,0,0,0,0,0,0,0,0
ASV_86566,0,0,0,0,0,0,0,0,0,0,0,0,0,0,0,0,4,0,0,0,0,0,0
ASV_86571,0,0,0,0,0,0,0,0,0,0,0,0,0,4,0,0,0,0,0,0,0,0,0
ASV_86841,0,0,0,0,0,0,0,0,0,0,0,0,0,0,0,0,4,0,0,0,0,0,0
ASV_86887,0,0,0,0,0,0,0,0,0,0,4,0,0,0,0,0,0,0,0,0,0,0,0
ASV_86894,0,0,0,0,0,0,4,0,0,0,0,0,0,0,0,0,0,0,0,0,0,0,0
ASV_86898,0,0,4,0,0,0,0,0,0,0,0,0,0,0,0,0,0,0,0,0,0,0,0
ASV_86964,0,0,0,0,0,0,0,0,4,0,0,0,0,0,0,0,0,0,0,0,0,0,0
ASV_87056,0,0,0,0,0,0,0,0,0,0,1,0,0,0,0,0,0,0,0,0,0,0,0
ASV_87074,0,0,0,0,0,0,0,0,0,0,0,0,0,0,0,0,0,0,0,2,0,2,0
ASV_87103,0,0,0,0,0,0,0,0,0,0,1,0,3,0,0,0,0,0,0,0,0,0,0
ASV_87155,0,0,0,0,0,0,0,0,0,0,0,0,0,4,0,0,0,0,0,0,0,0,0
ASV_87206,0,0,0,0,0,0,0,0,4,0,0,0,0,0,0,0,0,0,0,0,0,0,0
ASV_87261,0,0,0,0,0,0,0,0,0,0,0,0,0,0,0,0,0,4,0,0,0,0,0
ASV_87263,0,0,0,0,0,0,0,0,0,0,0,0,0,0,0,0,0,4,0,0,0,0,0
ASV_87278,0,0,0,0,0,0,0,0,0,0,0,0,0,0,0,0,0,4,0,0,0,0,0
ASV_87369,0,0,0,0,0,0,0,0,0,0,0,0,0,0,1,3,0,0,0,0,0,0,0
ASV_87416,0,0,0,0,0,0,0,0,0,0,0,0,0,0,0,0,0,0,0,3,0,1,0
ASV_87526,0,0,0,0,0,0,0,0,4,0,0,0,0,0,0,0,0,0,0,0,0,0,0
ASV_87555,0,0,4,0,0,0,0,0,0,0,0,0,0,0,0,0,0,0,0,0,0,0,0
ASV_87556,0,0,0,0,0,0,0,0,0,0,0,0,0,0,4,0,0,0,0,0,0,0,0
ASV_87568,0,0,0,0,0,0,0,4,0,0,0,0,0,0,0,0,0,0,0,0,0,0,0
ASV_87612,0,0,0,0,0,0,0,0,0,0,0,0,0,0,0,0,0,0,0,0,0,0,4
ASV_87652,0,0,0,0,0,0,0,0,0,0,0,0,0,0,0,0,0,0,0,0,0,0,4
ASV_87716,0,0,0,0,0,0,0,0,0,0,0,0,0,0,4,0,0,0,0,0,0,0,0
ASV_87726,0,0,0,0,0,0,0,0,0,0,4,0,0,0,0,0,0,0,0,0,0,0,0
ASV_87828,0,0,0,0,0,0,0,4,0,0,0,0,0,0,0,0,0,0,0,0,0,0,0
ASV_88049,0,0,0,0,0,0,0,0,0,0,0,0,0,0,0,4,0,0,0,0,0,0,0
ASV_88051,0,0,0,4,0,0,0,0,0,0,0,0,0,0,0,0,0,0,0,0,0,0,0
ASV_88133,0,0,0,0,0,0,0,0,0,0,0,0,0,0,0,0,0,4,0,0,0,0,0
ASV_88195,0,0,0,0,0,0,3,0,0,0,0,0,0,0,0,0,0,1,0,0,0,0,0
ASV_88308,0,0,4,0,0,0,0,0,0,0,0,0,0,0,0,0,0,0,0,0,0,0,0
ASV_88590,0,0,0,0,0,3,1,0,0,0,0,0,0,0,0,0,0,0,0,0,0,0,0
ASV_88625,0,0,0,0,0,0,0,0,0,0,0,0,0,4,0,0,0,0,0,0,0,0,0
ASV_88775,0,0,0,0,0,0,0,2,0,0,0,0,0,0,0,0,0,0,0,0,0,0,0
ASV_88967,0,0,0,0,0,0,0,0,0,0,0,4,0,0,0,0,0,0,0,0,0,0,0
ASV_89004,0,0,0,0,0,0,0,0,0,0,0,0,0,4,0,0,0,0,0,0,0,0,0
ASV_89051,0,0,0,0,4,0,0,0,0,0,0,0,0,0,0,0,0,0,0,0,0,0,0
ASV_89132,0,0,0,0,0,0,0,0,0,0,0,0,0,0,0,4,0,0,0,0,0,0,0
ASV_89134,0,4,0,0,0,0,0,0,0,0,0,0,0,0,0,0,0,0,0,0,0,0,0
ASV_89220,0,0,0,0,0,0,0,0,4,0,0,0,0,0,0,0,0,0,0,0,0,0,0
ASV_89221,0,0,0,0,0,0,0,0,0,3,0,1,0,0,0,0,0,0,0,0,0,0,0
ASV_89315,0,0,0,0,0,0,0,4,0,0,0,0,0,0,0,0,0,0,0,0,0,0,0
ASV_89323,0,0,0,0,0,0,0,0,0,0,0,0,4,0,0,0,0,0,0,0,0,0,0
ASV_89352,0,0,0,0,0,0,0,0,2,0,0,0,1,0,0,0,0,0,0,0,0,0,0
ASV_89480,0,0,0,0,0,0,0,0,0,0,0,0,0,0,0,0,4,0,0,0,0,0,0
ASV_89500,0,0,0,0,0,0,0,0,0,0,0,0,0,4,0,0,0,0,0,0,0,0,0
ASV_89524,0,0,0,0,0,0,0,0,4,0,0,0,0,0,0,0,0,0,0,0,0,0,0
ASV_89535,0,0,0,0,0,0,0,0,0,0,0,0,0,0,0,0,4,0,0,0,0,0,0
ASV_89565,0,0,0,0,0,0,0,0,0,0,0,0,4,0,0,0,0,0,0,0,0,0,0
ASV_89570,1,3,0,0,0,0,0,0,0,0,0,0,0,0,0,0,0,0,0,0,0,0,0
ASV_89601,0,0,0,0,0,0,0,0,0,0,0,0,0,0,0,4,0,0,0,0,0,0,0
ASV_89647,0,0,0,0,0,0,4,0,0,0,0,0,0,0,0,0,0,0,0,0,0,0,0
ASV_89655,0,0,0,0,0,0,0,0,0,0,0,0,0,4,0,0,0,0,0,0,0,0,0
ASV_89688,0,0,0,0,0,0,0,0,0,0,0,0,4,0,0,0,0,0,0,0,0,0,0
ASV_89725,0,0,0,4,0,0,0,0,0,0,0,0,0,0,0,0,0,0,0,0,0,0,0
ASV_89738,0,0,0,0,0,0,0,0,0,0,0,0,0,0,0,0,0,4,0,0,0,0,0
ASV_89740,0,0,0,0,0,0,0,0,0,0,0,0,0,0,0,0,0,0,0,0,4,0,0
ASV_89823,0,0,0,0,0,0,0,0,0,0,0,0,0,0,0,0,0,4,0,0,0,0,0
ASV_89848,0,0,0,0,0,0,0,0,0,0,0,0,0,4,0,0,0,0,0,0,0,0,0
ASV_89987,0,0,0,0,0,0,0,0,0,0,0,0,0,4,0,0,0,0,0,0,0,0,0
ASV_90033,0,0,0,0,0,0,0,0,4,0,0,0,0,0,0,0,0,0,0,0,0,0,0
ASV_90050,0,0,0,0,0,0,0,0,0,0,0,0,0,0,0,0,0,4,0,0,0,0,0
ASV_90052,0,0,0,0,0,0,0,0,0,4,0,0,0,0,0,0,0,0,0,0,0,0,0
ASV_90053,0,0,0,0,0,0,0,0,0,4,0,0,0,0,0,0,0,0,0,0,0,0,0
ASV_90144,0,0,0,0,0,0,0,0,0,0,0,0,0,4,0,0,0,0,0,0,0,0,0
ASV_90240,0,0,0,0,0,0,0,0,0,2,1,1,0,0,0,0,0,0,0,0,0,0,0
ASV_90357,0,0,0,0,0,0,0,0,0,0,0,0,0,1,0,0,0,3,0,0,0,0,0
ASV_90408,0,0,0,0,0,0,0,0,0,0,0,0,0,0,0,0,0,0,4,0,0,0,0
ASV_90509,0,0,0,0,0,0,0,0,0,0,0,0,0,0,0,0,0,0,0,0,0,0,4
ASV_90642,0,0,0,0,0,0,0,0,0,0,0,0,0,0,0,0,0,4,0,0,0,0,0
ASV_90691,0,2,0,0,2,0,0,0,0,0,0,0,0,0,0,0,0,0,0,0,0,0,0
ASV_90704,0,0,0,0,0,0,0,0,0,0,0,0,0,0,3,0,1,0,0,0,0,0,0
ASV_90747,0,0,0,0,0,0,0,0,0,0,0,0,0,0,4,0,0,0,0,0,0,0,0
ASV_91002,0,0,0,0,0,0,0,4,0,0,0,0,0,0,0,0,0,0,0,0,0,0,0
ASV_91082,0,0,0,0,0,0,0,0,0,0,0,0,0,0,0,0,0,0,4,0,0,0,0
ASV_91121,4,0,0,0,0,0,0,0,0,0,0,0,0,0,0,0,0,0,0,0,0,0,0
ASV_91156,0,0,0,0,0,0,0,4,0,0,0,0,0,0,0,0,0,0,0,0,0,0,0
ASV_91178,0,0,0,0,0,0,0,4,0,0,0,0,0,0,0,0,0,0,0,0,0,0,0
ASV_91181,0,0,0,0,0,0,0,0,0,0,4,0,0,0,0,0,0,0,0,0,0,0,0
ASV_91267,0,0,0,0,0,0,0,0,0,4,0,0,0,0,0,0,0,0,0,0,0,0,0
ASV_91288,0,0,0,0,0,0,0,0,0,0,0,0,1,0,0,1,0,0,1,0,0,1,0
ASV_91353,0,0,0,0,0,0,0,0,0,0,0,0,0,0,0,0,0,4,0,0,0,0,0
ASV_91390,0,0,0,0,0,0,2,2,0,0,0,0,0,0,0,0,0,0,0,0,0,0,0
ASV_91396,0,0,0,0,0,0,0,0,0,0,0,0,0,0,0,0,4,0,0,0,0,0,0
ASV_91422,0,0,0,0,0,0,0,0,0,0,0,0,0,0,0,0,0,0,0,0,0,0,4
ASV_91464,0,0,0,0,0,0,0,0,0,0,0,0,0,4,0,0,0,0,0,0,0,0,0
ASV_91503,0,0,0,0,0,0,0,0,4,0,0,0,0,0,0,0,0,0,0,0,0,0,0
ASV_91560,0,0,0,0,0,0,0,0,0,0,0,0,0,0,0,0,0,0,0,0,0,0,4
ASV_91851,0,0,0,0,0,0,0,4,0,0,0,0,0,0,0,0,0,0,0,0,0,0,0
ASV_92008,0,0,0,0,0,0,0,0,4,0,0,0,0,0,0,0,0,0,0,0,0,0,0
ASV_92020,0,0,0,0,0,0,0,0,0,0,0,0,0,0,0,0,0,0,1,0,0,0,1
ASV_92368,0,0,0,0,0,0,0,0,1,3,0,0,0,0,0,0,0,0,0,0,0,0,0
ASV_92373,0,0,0,0,0,0,0,0,0,0,0,0,4,0,0,0,0,0,0,0,0,0,0
ASV_92456,0,0,0,0,0,0,0,0,0,0,0,2,2,0,0,0,0,0,0,0,0,0,0
ASV_92457,0,0,0,0,0,0,4,0,0,0,0,0,0,0,0,0,0,0,0,0,0,0,0
ASV_92505,0,0,0,0,0,0,4,0,0,0,0,0,0,0,0,0,0,0,0,0,0,0,0
ASV_92534,0,0,0,0,0,0,4,0,0,0,0,0,0,0,0,0,0,0,0,0,0,0,0
ASV_92633,1,1,2,0,0,0,0,0,0,0,0,0,0,0,0,0,0,0,0,0,0,0,0
ASV_92634,0,1,0,0,0,0,0,0,0,0,0,0,0,0,0,0,0,0,0,0,0,0,0
ASV_92653,0,0,2,0,0,0,0,0,0,0,0,0,0,0,0,0,0,0,0,0,0,0,0
ASV_92716,4,0,0,0,0,0,0,0,0,0,0,0,0,0,0,0,0,0,0,0,0,0,0
ASV_92728,0,0,0,0,0,0,0,0,0,0,4,0,0,0,0,0,0,0,0,0,0,0,0
ASV_92770,0,0,0,0,0,0,0,0,0,4,0,0,0,0,0,0,0,0,0,0,0,0,0
ASV_92815,0,0,0,0,0,0,0,0,0,0,0,0,0,0,0,4,0,0,0,0,0,0,0
ASV_92848,0,0,0,0,0,0,0,4,0,0,0,0,0,0,0,0,0,0,0,0,0,0,0
ASV_92966,0,0,0,0,0,4,0,0,0,0,0,0,0,0,0,0,0,0,0,0,0,0,0
ASV_93017,0,0,0,0,0,0,0,0,0,0,0,0,0,0,0,0,0,0,0,0,0,0,4
ASV_93332,0,0,0,0,0,0,0,0,0,0,0,0,0,0,0,0,0,0,0,0,0,0,4
ASV_93378,0,0,0,0,0,0,0,0,0,0,0,0,0,0,0,0,4,0,0,0,0,0,0
ASV_93388,0,0,0,0,0,0,0,0,0,0,0,0,0,0,0,0,0,0,0,0,0,0,4
ASV_94059,0,0,0,0,0,0,0,0,0,3,0,0,0,0,0,0,0,0,0,0,0,0,0
ASV_94816,0,0,0,0,0,0,0,0,3,0,0,0,0,0,0,0,0,0,0,0,0,0,0
ASV_94856,0,3,0,0,0,0,0,0,0,0,0,0,0,0,0,0,0,0,0,0,0,0,0
ASV_94867,0,0,0,0,0,0,2,0,0,0,0,0,0,0,0,0,0,0,0,0,0,0,0
ASV_94895,0,0,0,0,0,0,0,3,0,0,0,0,0,0,0,0,0,0,0,0,0,0,0
ASV_95250,0,0,0,0,0,0,0,0,0,0,3,0,0,0,0,0,0,0,0,0,0,0,0
ASV_97673,0,0,0,0,0,0,0,0,0,0,0,0,3,0,0,0,0,0,0,0,0,0,0
ASV_97688,0,0,0,0,0,0,0,0,0,0,0,0,0,0,3,0,0,0,0,0,0,0,0
ASV_97774,0,0,0,0,0,0,0,0,0,0,0,0,0,3,0,0,0,0,0,0,0,0,0
ASV_97781,0,0,0,0,0,0,0,0,0,0,0,0,0,0,3,0,0,0,0,0,0,0,0
ASV_97786,0,0,0,0,0,0,0,3,0,0,0,0,0,0,0,0,0,0,0,0,0,0,0
ASV_97877,0,0,0,0,0,0,0,0,0,0,0,0,0,0,0,0,3,0,0,0,0,0,0
ASV_97925,0,0,0,0,0,0,0,0,3,0,0,0,0,0,0,0,0,0,0,0,0,0,0
ASV_97928,0,0,0,0,0,0,0,0,0,0,0,0,0,3,0,0,0,0,0,0,0,0,0
ASV_97976,0,0,0,0,0,0,0,3,0,0,0,0,0,0,0,0,0,0,0,0,0,0,0
ASV_98109,0,0,0,1,0,0,0,0,0,0,0,0,0,0,0,0,0,0,0,0,0,0,0
ASV_98113,0,0,0,0,0,0,0,0,0,0,0,0,0,0,0,0,3,0,0,0,0,0,0
ASV_98275,0,0,0,0,0,0,0,0,0,3,0,0,0,0,0,0,0,0,0,0,0,0,0
ASV_98452,0,0,0,0,0,0,0,0,0,0,0,0,0,3,0,0,0,0,0,0,0,0,0
ASV_98837,0,0,0,0,0,0,0,0,3,0,0,0,0,0,0,0,0,0,0,0,0,0,0
ASV_98918,0,0,0,0,0,0,0,0,0,0,0,0,3,0,0,0,0,0,0,0,0,0,0
ASV_99037,0,0,0,0,0,0,0,0,3,0,0,0,0,0,0,0,0,0,0,0,0,0,0
ASV_99073,0,0,0,0,0,0,0,0,0,0,0,0,0,0,0,0,3,0,0,0,0,0,0
ASV_99130,0,0,0,0,0,0,0,0,0,0,0,0,0,3,0,0,0,0,0,0,0,0,0
ASV_99151,0,0,0,0,0,0,0,0,0,0,1,0,0,0,0,0,0,0,0,0,0,0,0
ASV_99401,0,0,0,0,0,0,0,0,0,3,0,0,0,0,0,0,0,0,0,0,0,0,0
ASV_99415,0,0,0,0,0,0,0,0,3,0,0,0,0,0,0,0,0,0,0,0,0,0,0
ASV_99463,0,0,0,0,0,0,0,0,0,0,0,0,0,0,0,3,0,0,0,0,0,0,0
ASV_99473,0,0,0,0,0,0,0,0,0,0,0,0,3,0,0,0,0,0,0,0,0,0,0
ASV_99540,0,0,0,0,0,0,0,0,0,0,0,0,0,0,0,0,3,0,0,0,0,0,0
ASV_99784,0,0,0,0,0,0,0,3,0,0,0,0,0,0,0,0,0,0,0,0,0,0,0
ASV_99890,0,0,0,0,0,0,3,0,0,0,0,0,0,0,0,0,0,0,0,0,0,0,0
ASV_99969,0,0,0,0,0,0,0,0,0,0,0,0,0,0,0,0,0,0,0,0,0,0,3
ASV_99988,0,0,0,0,0,0,0,0,0,0,0,0,0,0,0,0,0,3,0,0,0,0,0
ASV_100098,0,0,0,0,0,0,0,0,0,0,0,0,0,0,1,0,0,2,0,0,0,0,0
ASV_100175,0,0,0,0,0,0,0,0,2,1,0,0,0,0,0,0,0,0,0,0,0,0,0
ASV_100334,0,0,0,0,0,0,0,0,0,0,0,0,0,0,0,3,0,0,0,0,0,0,0
ASV_100379,0,0,0,0,0,0,0,0,0,3,0,0,0,0,0,0,0,0,0,0,0,0,0
ASV_100384,0,0,0,0,0,0,0,0,0,0,0,0,0,0,3,0,0,0,0,0,0,0,0
ASV_100504,0,0,3,0,0,0,0,0,0,0,0,0,0,0,0,0,0,0,0,0,0,0,0
ASV_100545,0,0,0,0,0,0,0,0,0,0,0,0,0,3,0,0,0,0,0,0,0,0,0
ASV_100549,0,0,0,0,0,0,3,0,0,0,0,0,0,0,0,0,0,0,0,0,0,0,0
ASV_100601,0,0,0,0,3,0,0,0,0,0,0,0,0,0,0,0,0,0,0,0,0,0,0
ASV_100623,0,0,0,0,0,0,0,0,3,0,0,0,0,0,0,0,0,0,0,0,0,0,0
ASV_100680,0,0,0,0,0,3,0,0,0,0,0,0,0,0,0,0,0,0,0,0,0,0,0
ASV_100701,0,0,0,0,0,3,0,0,0,0,0,0,0,0,0,0,0,0,0,0,0,0,0
ASV_100705,0,0,0,0,0,0,0,0,0,0,0,0,0,3,0,0,0,0,0,0,0,0,0
ASV_100928,0,0,0,0,0,0,0,0,0,0,0,0,0,0,0,0,3,0,0,0,0,0,0
ASV_100984,0,0,0,0,0,0,3,0,0,0,0,0,0,0,0,0,0,0,0,0,0,0,0
ASV_101116,0,0,0,0,0,0,0,0,3,0,0,0,0,0,0,0,0,0,0,0,0,0,0
ASV_101143,0,0,0,0,0,0,0,0,0,0,0,0,0,0,0,0,0,0,0,0,0,0,3
ASV_101172,0,0,0,0,0,0,0,0,3,0,0,0,0,0,0,0,0,0,0,0,0,0,0
ASV_101178,0,0,0,0,0,0,0,0,2,0,0,0,0,0,0,0,0,0,0,0,0,0,0
ASV_101193,0,0,0,0,0,0,0,0,0,0,0,0,3,0,0,0,0,0,0,0,0,0,0
ASV_101217,0,0,0,0,0,0,0,0,0,0,3,0,0,0,0,0,0,0,0,0,0,0,0
ASV_101292,0,0,0,0,0,0,0,0,0,0,0,0,0,0,3,0,0,0,0,0,0,0,0
ASV_101338,0,0,0,0,0,0,0,0,0,0,0,0,3,0,0,0,0,0,0,0,0,0,0
ASV_101342,0,0,0,0,0,0,0,0,0,3,0,0,0,0,0,0,0,0,0,0,0,0,0
ASV_101420,0,0,0,0,0,3,0,0,0,0,0,0,0,0,0,0,0,0,0,0,0,0,0
ASV_101452,0,1,2,0,0,0,0,0,0,0,0,0,0,0,0,0,0,0,0,0,0,0,0
ASV_101483,0,0,0,0,0,0,0,0,0,0,0,0,0,0,0,0,1,2,0,0,0,0,0
ASV_101518,0,0,0,0,0,0,0,0,0,0,3,0,0,0,0,0,0,0,0,0,0,0,0
ASV_101713,0,0,0,0,0,0,0,0,0,0,0,0,0,3,0,0,0,0,0,0,0,0,0
ASV_101739,0,0,0,0,0,0,0,0,0,0,0,0,0,0,3,0,0,0,0,0,0,0,0
ASV_101818,0,0,0,0,0,0,0,0,0,0,3,0,0,0,0,0,0,0,0,0,0,0,0
ASV_101827,3,0,0,0,0,0,0,0,0,0,0,0,0,0,0,0,0,0,0,0,0,0,0
ASV_101829,0,0,0,0,0,0,0,0,0,0,0,0,0,0,3,0,0,0,0,0,0,0,0
ASV_101862,0,0,3,0,0,0,0,0,0,0,0,0,0,0,0,0,0,0,0,0,0,0,0
ASV_102033,0,0,0,0,0,0,0,0,0,0,0,0,0,0,3,0,0,0,0,0,0,0,0
ASV_102045,0,0,0,0,0,0,0,0,3,0,0,0,0,0,0,0,0,0,0,0,0,0,0
ASV_102060,0,0,0,0,0,0,0,0,0,0,0,0,0,0,0,0,3,0,0,0,0,0,0
ASV_102179,0,0,0,0,0,0,0,0,0,0,0,0,0,3,0,0,0,0,0,0,0,0,0
ASV_102219,0,0,0,0,0,0,0,0,0,0,0,0,0,0,3,0,0,0,0,0,0,0,0
ASV_102222,0,0,0,0,0,0,0,0,0,0,0,0,0,0,0,0,3,0,0,0,0,0,0
ASV_102223,0,0,0,0,0,0,0,0,0,0,0,0,0,0,0,3,0,0,0,0,0,0,0
ASV_102272,0,0,0,0,0,0,0,0,0,0,0,0,0,0,0,2,0,0,0,0,0,0,0
ASV_102336,0,0,0,0,0,0,0,0,0,0,0,0,3,0,0,0,0,0,0,0,0,0,0
ASV_102430,0,0,0,0,0,0,0,0,0,0,0,0,0,0,0,3,0,0,0,0,0,0,0
ASV_102642,0,0,0,0,0,0,3,0,0,0,0,0,0,0,0,0,0,0,0,0,0,0,0
ASV_102664,0,0,0,0,0,0,0,0,3,0,0,0,0,0,0,0,0,0,0,0,0,0,0
ASV_102806,0,0,0,0,0,0,0,0,0,0,0,0,0,3,0,0,0,0,0,0,0,0,0
ASV_102884,3,0,0,0,0,0,0,0,0,0,0,0,0,0,0,0,0,0,0,0,0,0,0
ASV_102922,3,0,0,0,0,0,0,0,0,0,0,0,0,0,0,0,0,0,0,0,0,0,0
ASV_102927,0,0,0,0,0,0,0,0,0,0,0,0,0,3,0,0,0,0,0,0,0,0,0
ASV_102940,0,0,0,0,0,0,0,3,0,0,0,0,0,0,0,0,0,0,0,0,0,0,0
ASV_102967,0,0,0,0,0,0,0,0,0,0,0,0,0,0,0,3,0,0,0,0,0,0,0
ASV_102980,0,0,0,0,0,0,0,0,0,0,0,0,0,3,0,0,0,0,0,0,0,0,0
ASV_103054,0,0,0,0,0,0,0,0,0,0,3,0,0,0,0,0,0,0,0,0,0,0,0
ASV_103060,0,0,0,0,0,0,0,0,0,0,0,0,0,3,0,0,0,0,0,0,0,0,0
ASV_103168,0,0,0,0,0,0,0,0,0,0,0,0,0,0,0,0,0,3,0,0,0,0,0
ASV_103179,0,0,0,3,0,0,0,0,0,0,0,0,0,0,0,0,0,0,0,0,0,0,0
ASV_103219,0,0,0,0,0,0,0,0,0,0,0,0,0,0,0,0,3,0,0,0,0,0,0
ASV_103364,0,0,0,0,0,0,3,0,0,0,0,0,0,0,0,0,0,0,0,0,0,0,0
ASV_103429,0,0,0,0,0,0,0,0,0,3,0,0,0,0,0,0,0,0,0,0,0,0,0
ASV_103498,0,0,0,0,0,0,0,0,0,0,0,0,0,3,0,0,0,0,0,0,0,0,0
ASV_103654,0,0,0,0,0,0,0,0,0,0,0,0,0,0,0,0,0,3,0,0,0,0,0
ASV_103698,0,0,0,0,0,0,0,0,0,0,0,0,0,3,0,0,0,0,0,0,0,0,0
ASV_103852,0,0,0,0,0,0,0,0,0,3,0,0,0,0,0,0,0,0,0,0,0,0,0
ASV_103916,0,0,0,0,0,3,0,0,0,0,0,0,0,0,0,0,0,0,0,0,0,0,0
ASV_103921,0,0,0,0,0,0,0,0,0,0,0,0,3,0,0,0,0,0,0,0,0,0,0
ASV_104121,0,0,0,0,0,0,0,0,0,0,0,0,0,3,0,0,0,0,0,0,0,0,0
ASV_104180,0,0,0,0,0,0,0,0,0,0,0,0,0,0,0,0,0,0,0,0,0,3,0
ASV_104251,0,0,0,0,0,0,0,0,0,0,0,0,0,0,0,0,0,0,0,3,0,0,0
ASV_104387,0,0,0,0,0,0,0,0,0,0,0,0,0,0,0,0,0,0,0,0,0,0,3
ASV_104463,0,0,0,0,0,0,0,3,0,0,0,0,0,0,0,0,0,0,0,0,0,0,0
ASV_104537,0,0,0,0,0,0,0,0,0,0,0,3,0,0,0,0,0,0,0,0,0,0,0
ASV_104635,0,0,0,0,0,0,0,0,0,0,0,0,0,0,0,0,3,0,0,0,0,0,0
ASV_104682,0,3,0,0,0,0,0,0,0,0,0,0,0,0,0,0,0,0,0,0,0,0,0
ASV_104742,0,0,0,0,0,0,0,0,0,0,0,0,0,0,0,0,0,0,0,0,0,0,3
ASV_104828,0,0,0,0,0,0,0,0,3,0,0,0,0,0,0,0,0,0,0,0,0,0,0
ASV_104949,0,0,0,0,0,0,3,0,0,0,0,0,0,0,0,0,0,0,0,0,0,0,0
ASV_105018,0,0,0,0,0,3,0,0,0,0,0,0,0,0,0,0,0,0,0,0,0,0,0
ASV_105028,0,0,0,0,0,0,0,0,0,0,0,0,0,3,0,0,0,0,0,0,0,0,0
ASV_105034,0,0,0,0,0,0,0,0,0,0,0,0,0,0,0,0,0,3,0,0,0,0,0
ASV_105064,0,0,3,0,0,0,0,0,0,0,0,0,0,0,0,0,0,0,0,0,0,0,0
ASV_105177,0,0,0,0,0,0,0,0,0,0,0,0,0,0,0,0,0,3,0,0,0,0,0
ASV_105267,0,0,0,0,0,0,0,0,0,0,0,0,3,0,0,0,0,0,0,0,0,0,0
ASV_105279,0,0,0,0,0,0,0,0,0,0,0,0,0,0,0,3,0,0,0,0,0,0,0
ASV_105341,0,0,0,0,0,0,0,0,0,0,0,0,0,0,0,0,0,0,0,0,0,1,0
ASV_105369,0,0,0,0,0,0,0,0,0,3,0,0,0,0,0,0,0,0,0,0,0,0,0
ASV_105440,0,0,0,0,0,0,0,0,0,3,0,0,0,0,0,0,0,0,0,0,0,0,0
ASV_105572,0,0,0,0,0,0,0,0,0,0,0,0,0,3,0,0,0,0,0,0,0,0,0
ASV_105580,0,0,0,0,0,0,0,0,0,0,0,0,0,0,3,0,0,0,0,0,0,0,0
ASV_105679,0,0,0,0,0,0,0,0,3,0,0,0,0,0,0,0,0,0,0,0,0,0,0
ASV_105782,0,0,0,0,0,0,0,0,0,3,0,0,0,0,0,0,0,0,0,0,0,0,0
ASV_106119,0,0,0,0,0,0,0,0,0,0,0,0,0,0,0,0,0,0,0,0,0,0,3
ASV_106162,0,0,0,0,0,0,0,0,0,0,0,0,0,0,0,0,3,0,0,0,0,0,0
ASV_106196,0,0,0,0,0,0,0,0,3,0,0,0,0,0,0,0,0,0,0,0,0,0,0
ASV_106218,0,0,0,0,0,0,0,0,0,0,0,0,0,0,0,0,0,0,0,3,0,0,0
ASV_106250,0,0,0,0,0,0,0,0,0,0,0,0,0,0,0,0,0,0,0,0,0,0,3
ASV_106338,1,0,0,1,0,0,0,0,0,0,0,0,0,0,0,0,0,0,0,0,0,0,0
ASV_106421,0,0,0,0,0,0,0,3,0,0,0,0,0,0,0,0,0,0,0,0,0,0,0
ASV_106573,0,0,0,0,0,0,0,0,0,3,0,0,0,0,0,0,0,0,0,0,0,0,0
ASV_106574,0,0,0,0,0,0,0,0,0,0,0,3,0,0,0,0,0,0,0,0,0,0,0
ASV_106580,0,0,0,0,0,0,0,0,0,0,0,0,0,0,0,0,0,0,0,0,0,0,3
ASV_106741,0,0,0,0,0,0,0,0,0,0,0,0,3,0,0,0,0,0,0,0,0,0,0
ASV_106771,0,0,0,0,0,0,0,0,0,0,0,0,0,3,0,0,0,0,0,0,0,0,0
ASV_107289,0,0,0,0,0,0,0,0,3,0,0,0,0,0,0,0,0,0,0,0,0,0,0
ASV_107634,0,0,0,0,0,0,3,0,0,0,0,0,0,0,0,0,0,0,0,0,0,0,0
ASV_107653,0,0,0,0,0,0,3,0,0,0,0,0,0,0,0,0,0,0,0,0,0,0,0
ASV_107718,0,0,0,0,0,0,3,0,0,0,0,0,0,0,0,0,0,0,0,0,0,0,0
ASV_107739,0,0,0,0,0,3,0,0,0,0,0,0,0,0,0,0,0,0,0,0,0,0,0
ASV_107770,0,0,0,0,0,0,0,2,0,0,0,0,0,0,0,0,0,0,0,0,0,0,0
ASV_107830,0,0,3,0,0,0,0,0,0,0,0,0,0,0,0,0,0,0,0,0,0,0,0
ASV_108031,0,0,0,0,0,0,0,0,0,0,0,0,0,0,0,3,0,0,0,0,0,0,0
ASV_108032,0,0,0,0,0,0,3,0,0,0,0,0,0,0,0,0,0,0,0,0,0,0,0
ASV_108165,0,0,0,0,0,0,0,0,3,0,0,0,0,0,0,0,0,0,0,0,0,0,0
ASV_108179,0,0,0,0,0,0,0,0,0,0,0,3,0,0,0,0,0,0,0,0,0,0,0
ASV_108187,0,0,0,0,0,0,0,0,0,0,0,0,3,0,0,0,0,0,0,0,0,0,0
ASV_108199,0,0,0,0,0,0,0,0,0,0,0,3,0,0,0,0,0,0,0,0,0,0,0
ASV_108218,0,0,0,0,0,3,0,0,0,0,0,0,0,0,0,0,0,0,0,0,0,0,0
ASV_108231,0,0,0,0,0,0,0,0,0,0,0,0,0,3,0,0,0,0,0,0,0,0,0
ASV_108236,0,0,0,0,0,0,0,0,0,0,3,0,0,0,0,0,0,0,0,0,0,0,0
ASV_108274,0,0,3,0,0,0,0,0,0,0,0,0,0,0,0,0,0,0,0,0,0,0,0
ASV_108359,0,0,0,0,0,0,0,0,0,0,3,0,0,0,0,0,0,0,0,0,0,0,0
ASV_108451,0,0,0,0,0,0,0,0,0,0,0,0,0,0,0,0,3,0,0,0,0,0,0
ASV_108588,0,0,0,0,0,0,0,0,0,3,0,0,0,0,0,0,0,0,0,0,0,0,0
ASV_108623,0,0,0,0,0,0,0,0,0,0,0,0,0,0,0,0,0,0,0,0,0,0,3
ASV_108670,0,0,0,0,0,0,0,0,0,0,0,0,0,0,3,0,0,0,0,0,0,0,0
ASV_108810,0,0,0,0,0,0,0,0,0,0,0,0,0,0,0,0,0,0,0,0,0,0,3
ASV_108858,0,0,0,0,0,0,3,0,0,0,0,0,0,0,0,0,0,0,0,0,0,0,0
ASV_108859,0,0,0,0,0,0,0,3,0,0,0,0,0,0,0,0,0,0,0,0,0,0,0
ASV_109121,0,0,0,0,0,0,0,0,0,0,0,0,0,0,0,0,3,0,0,0,0,0,0
ASV_109180,0,0,0,0,0,3,0,0,0,0,0,0,0,0,0,0,0,0,0,0,0,0,0
ASV_109220,0,0,0,0,0,0,0,0,0,0,0,0,0,0,0,0,3,0,0,0,0,0,0
ASV_109250,0,0,0,0,0,0,0,0,0,0,0,0,0,3,0,0,0,0,0,0,0,0,0
ASV_109320,0,0,0,0,0,3,0,0,0,0,0,0,0,0,0,0,0,0,0,0,0,0,0
ASV_109520,0,0,0,0,0,0,0,3,0,0,0,0,0,0,0,0,0,0,0,0,0,0,0
ASV_109592,0,0,0,0,0,0,0,0,0,0,3,0,0,0,0,0,0,0,0,0,0,0,0
ASV_110783,0,0,0,1,0,0,0,0,0,1,0,0,0,0,0,0,0,0,0,0,0,0,0
ASV_113179,0,2,0,0,0,0,0,0,0,0,0,0,0,0,0,0,0,0,0,0,0,0,0
ASV_113963,0,0,0,0,0,2,0,0,0,0,0,0,0,0,0,0,0,0,0,0,0,0,0
ASV_114172,0,0,0,0,0,0,0,0,0,0,0,0,0,0,0,0,0,2,0,0,0,0,0
ASV_114236,0,0,0,0,0,0,0,0,0,0,0,0,2,0,0,0,0,0,0,0,0,0,0
ASV_114301,0,0,0,0,0,0,0,0,0,0,0,0,0,2,0,0,0,0,0,0,0,0,0
ASV_114353,0,0,0,0,0,0,0,2,0,0,0,0,0,0,0,0,0,0,0,0,0,0,0
ASV_114513,0,0,0,0,0,0,0,0,0,0,0,0,0,0,0,2,0,0,0,0,0,0,0
ASV_114574,0,0,0,0,0,0,0,0,0,0,0,0,2,0,0,0,0,0,0,0,0,0,0
ASV_114604,0,0,0,0,0,0,0,0,0,0,0,0,0,2,0,0,0,0,0,0,0,0,0
ASV_114688,0,0,0,0,0,0,0,0,0,0,0,0,0,2,0,0,0,0,0,0,0,0,0
ASV_114718,0,0,0,0,0,0,0,0,0,0,0,0,0,0,0,0,2,0,0,0,0,0,0
ASV_114766,0,0,0,0,0,0,0,0,0,0,0,0,0,0,0,0,2,0,0,0,0,0,0
ASV_114907,0,0,0,0,0,0,0,0,0,0,0,0,0,2,0,0,0,0,0,0,0,0,0
ASV_114929,0,0,0,0,0,0,2,0,0,0,0,0,0,0,0,0,0,0,0,0,0,0,0
ASV_114960,0,0,0,0,0,0,0,0,0,0,0,0,0,0,0,2,0,0,0,0,0,0,0
ASV_114974,0,0,0,0,0,0,0,0,0,2,0,0,0,0,0,0,0,0,0,0,0,0,0
ASV_114978,0,0,0,0,0,0,0,0,0,0,0,0,0,0,2,0,0,0,0,0,0,0,0
ASV_115084,0,0,0,0,0,0,0,2,0,0,0,0,0,0,0,0,0,0,0,0,0,0,0
ASV_115197,0,0,0,0,0,0,2,0,0,0,0,0,0,0,0,0,0,0,0,0,0,0,0
ASV_115267,0,0,0,0,0,0,0,0,0,0,0,0,0,0,2,0,0,0,0,0,0,0,0
ASV_115274,0,0,0,0,0,0,0,0,0,0,0,0,0,0,2,0,0,0,0,0,0,0,0
ASV_115374,0,0,0,0,0,0,0,0,0,0,0,0,0,2,0,0,0,0,0,0,0,0,0
ASV_115406,0,0,0,0,0,0,2,0,0,0,0,0,0,0,0,0,0,0,0,0,0,0,0
ASV_115461,0,0,0,0,0,0,0,0,0,0,0,0,2,0,0,0,0,0,0,0,0,0,0
ASV_115462,0,0,0,0,0,0,0,0,2,0,0,0,0,0,0,0,0,0,0,0,0,0,0
ASV_115483,0,0,0,0,0,0,2,0,0,0,0,0,0,0,0,0,0,0,0,0,0,0,0
ASV_115605,0,0,0,0,0,0,0,0,0,0,0,0,0,0,2,0,0,0,0,0,0,0,0
ASV_115615,0,0,0,0,0,0,0,2,0,0,0,0,0,0,0,0,0,0,0,0,0,0,0
ASV_115686,0,0,0,0,0,0,0,0,0,0,0,0,0,2,0,0,0,0,0,0,0,0,0
ASV_115705,0,2,0,0,0,0,0,0,0,0,0,0,0,0,0,0,0,0,0,0,0,0,0
ASV_115785,0,0,0,0,0,0,0,0,0,0,0,0,0,0,2,0,0,0,0,0,0,0,0
ASV_115914,0,0,0,0,0,0,0,0,0,0,0,0,0,0,0,2,0,0,0,0,0,0,0
ASV_116142,0,0,0,0,0,0,0,0,0,0,0,0,0,0,0,1,1,0,0,0,0,0,0
ASV_116364,0,0,0,0,0,2,0,0,0,0,0,0,0,0,0,0,0,0,0,0,0,0,0
ASV_116455,0,0,0,0,0,0,0,0,0,0,0,0,0,0,0,0,0,2,0,0,0,0,0
ASV_116519,0,0,0,0,0,0,0,0,0,0,0,2,0,0,0,0,0,0,0,0,0,0,0
ASV_116585,0,0,0,0,0,0,0,0,0,0,0,0,0,0,0,2,0,0,0,0,0,0,0
ASV_116647,0,0,0,0,0,0,0,0,0,0,2,0,0,0,0,0,0,0,0,0,0,0,0
ASV_116652,0,0,0,0,0,0,0,0,0,0,0,0,0,0,0,2,0,0,0,0,0,0,0
ASV_117158,0,0,0,0,0,0,0,0,0,2,0,0,0,0,0,0,0,0,0,0,0,0,0
ASV_117222,0,0,0,0,0,0,0,0,0,0,0,0,0,0,2,0,0,0,0,0,0,0,0
ASV_117325,0,0,0,0,0,0,0,0,0,0,0,0,0,0,0,0,0,0,0,0,0,0,2
ASV_117336,0,0,2,0,0,0,0,0,0,0,0,0,0,0,0,0,0,0,0,0,0,0,0
ASV_117529,0,0,0,0,0,0,0,0,0,0,0,0,0,2,0,0,0,0,0,0,0,0,0
ASV_117598,0,0,0,0,0,0,0,0,0,0,0,0,2,0,0,0,0,0,0,0,0,0,0
ASV_117871,0,0,0,0,0,0,0,0,0,0,0,0,0,0,0,0,0,2,0,0,0,0,0
ASV_117923,0,0,0,0,0,0,0,0,0,0,2,0,0,0,0,0,0,0,0,0,0,0,0
ASV_117941,0,0,0,0,0,0,0,0,0,0,2,0,0,0,0,0,0,0,0,0,0,0,0
ASV_117946,0,0,0,0,0,0,2,0,0,0,0,0,0,0,0,0,0,0,0,0,0,0,0
ASV_118091,0,0,0,0,0,0,0,0,0,2,0,0,0,0,0,0,0,0,0,0,0,0,0
ASV_118249,0,2,0,0,0,0,0,0,0,0,0,0,0,0,0,0,0,0,0,0,0,0,0
ASV_118255,0,0,0,0,0,0,0,0,0,2,0,0,0,0,0,0,0,0,0,0,0,0,0
ASV_118423,0,0,0,0,0,0,0,0,0,0,0,0,0,0,2,0,0,0,0,0,0,0,0
ASV_118617,0,0,0,0,0,0,0,0,0,0,1,0,0,0,0,0,0,0,0,0,0,0,0
ASV_118637,0,0,0,0,0,0,0,1,0,1,0,0,0,0,0,0,0,0,0,0,0,0,0
ASV_118680,0,0,0,0,0,0,0,0,0,0,0,0,0,0,0,2,0,0,0,0,0,0,0
ASV_118684,0,0,0,0,0,0,0,0,2,0,0,0,0,0,0,0,0,0,0,0,0,0,0
ASV_118761,0,0,0,0,0,0,0,2,0,0,0,0,0,0,0,0,0,0,0,0,0,0,0
ASV_118848,0,0,0,0,0,0,0,0,0,0,0,0,0,2,0,0,0,0,0,0,0,0,0
ASV_119041,0,0,0,0,0,0,0,2,0,0,0,0,0,0,0,0,0,0,0,0,0,0,0
ASV_119050,0,0,0,0,0,0,0,0,0,0,0,0,2,0,0,0,0,0,0,0,0,0,0
ASV_119076,0,0,0,0,0,0,0,0,0,0,0,0,0,0,0,2,0,0,0,0,0,0,0
ASV_119216,0,0,0,0,2,0,0,0,0,0,0,0,0,0,0,0,0,0,0,0,0,0,0
ASV_119260,0,0,0,0,2,0,0,0,0,0,0,0,0,0,0,0,0,0,0,0,0,0,0
ASV_119389,0,0,0,0,0,0,0,0,0,0,0,0,0,0,0,0,0,0,0,0,0,0,2
ASV_119406,0,0,0,0,0,0,0,0,0,0,0,0,0,0,0,0,0,0,0,0,0,2,0
ASV_119486,0,0,0,0,0,0,0,0,2,0,0,0,0,0,0,0,0,0,0,0,0,0,0
ASV_119508,2,0,0,0,0,0,0,0,0,0,0,0,0,0,0,0,0,0,0,0,0,0,0
ASV_119546,0,0,0,0,0,0,0,0,0,0,0,0,0,0,0,0,2,0,0,0,0,0,0
ASV_119548,0,0,0,0,0,0,0,0,0,0,0,0,0,0,2,0,0,0,0,0,0,0,0
ASV_119588,0,0,0,0,0,0,0,0,0,0,0,0,0,0,0,0,0,0,2,0,0,0,0
ASV_119600,0,0,0,0,0,0,0,0,0,0,0,0,0,0,0,0,0,0,0,0,2,0,0
ASV_119641,0,0,0,0,0,0,0,2,0,0,0,0,0,0,0,0,0,0,0,0,0,0,0
ASV_119766,0,0,0,0,0,0,0,0,0,0,0,2,0,0,0,0,0,0,0,0,0,0,0
ASV_119944,0,0,0,0,0,0,0,0,0,0,0,0,0,0,2,0,0,0,0,0,0,0,0
ASV_119952,2,0,0,0,0,0,0,0,0,0,0,0,0,0,0,0,0,0,0,0,0,0,0
ASV_119984,0,0,0,0,0,2,0,0,0,0,0,0,0,0,0,0,0,0,0,0,0,0,0
ASV_119989,0,0,0,0,0,0,0,0,0,0,0,0,0,0,0,0,0,0,0,2,0,0,0
ASV_120107,0,0,2,0,0,0,0,0,0,0,0,0,0,0,0,0,0,0,0,0,0,0,0
ASV_120164,0,0,0,0,0,0,0,0,0,0,0,0,2,0,0,0,0,0,0,0,0,0,0
ASV_120301,0,0,0,0,0,0,2,0,0,0,0,0,0,0,0,0,0,0,0,0,0,0,0
ASV_120315,0,0,0,0,0,0,0,2,0,0,0,0,0,0,0,0,0,0,0,0,0,0,0
ASV_120348,0,0,0,0,0,0,2,0,0,0,0,0,0,0,0,0,0,0,0,0,0,0,0
ASV_120539,0,0,0,0,0,0,0,0,0,0,0,0,0,2,0,0,0,0,0,0,0,0,0
ASV_120547,0,0,0,0,0,0,0,0,0,0,0,0,0,0,2,0,0,0,0,0,0,0,0
ASV_120815,0,0,0,0,0,0,0,0,2,0,0,0,0,0,0,0,0,0,0,0,0,0,0
ASV_120875,0,0,0,0,0,0,0,0,0,2,0,0,0,0,0,0,0,0,0,0,0,0,0
ASV_120926,0,0,0,0,0,0,0,0,2,0,0,0,0,0,0,0,0,0,0,0,0,0,0
ASV_120986,0,0,0,0,0,0,0,0,0,0,0,0,0,0,0,0,0,0,0,0,0,0,2
ASV_120987,0,0,0,0,0,0,0,0,0,0,0,0,0,0,0,0,0,0,0,0,0,0,2
ASV_121345,0,0,0,0,0,0,0,0,0,0,0,0,0,2,0,0,0,0,0,0,0,0,0
ASV_121507,0,0,0,0,0,0,2,0,0,0,0,0,0,0,0,0,0,0,0,0,0,0,0
ASV_121594,0,0,0,0,2,0,0,0,0,0,0,0,0,0,0,0,0,0,0,0,0,0,0
ASV_121621,0,0,0,0,0,0,0,0,0,0,0,0,0,2,0,0,0,0,0,0,0,0,0
ASV_121922,0,0,0,0,0,0,0,0,0,0,0,0,2,0,0,0,0,0,0,0,0,0,0
ASV_122001,0,0,0,0,0,0,0,2,0,0,0,0,0,0,0,0,0,0,0,0,0,0,0
ASV_122052,0,0,0,0,0,0,0,0,0,0,0,0,0,0,2,0,0,0,0,0,0,0,0
ASV_122130,0,0,0,0,0,0,0,0,0,0,0,0,0,0,0,0,0,0,0,0,0,0,2
ASV_122146,0,0,0,0,0,0,0,0,0,0,0,0,0,2,0,0,0,0,0,0,0,0,0
ASV_122207,0,0,0,0,0,0,0,0,0,0,0,0,0,2,0,0,0,0,0,0,0,0,0
ASV_122429,0,0,0,0,0,0,0,0,0,0,0,0,0,2,0,0,0,0,0,0,0,0,0
ASV_122449,0,0,0,0,0,0,0,0,0,0,0,0,0,0,0,0,0,0,0,0,0,0,2
ASV_122530,0,0,0,0,0,0,0,0,0,0,0,0,0,0,0,0,2,0,0,0,0,0,0
ASV_123454,0,2,0,0,0,0,0,0,0,0,0,0,0,0,0,0,0,0,0,0,0,0,0
ASV_123491,0,0,0,0,0,0,0,0,0,0,0,0,0,0,0,0,2,0,0,0,0,0,0
ASV_123502,0,0,0,2,0,0,0,0,0,0,0,0,0,0,0,0,0,0,0,0,0,0,0
ASV_123763,0,0,0,0,0,2,0,0,0,0,0,0,0,0,0,0,0,0,0,0,0,0,0
ASV_124060,0,0,0,0,0,0,0,0,0,1,0,0,0,0,0,0,0,0,0,0,0,0,0
ASV_124190,0,0,0,0,0,0,0,0,1,0,0,0,0,0,0,0,0,0,0,0,0,0,0
ASV_124972,0,0,0,0,0,0,0,0,0,0,0,0,0,0,0,2,0,0,0,0,0,0,0
ASV_124992,0,0,0,0,0,0,2,0,0,0,0,0,0,0,0,0,0,0,0,0,0,0,0
ASV_125198,0,0,0,0,0,0,0,0,0,0,0,0,0,0,2,0,0,0,0,0,0,0,0
ASV_125299,0,0,0,0,0,0,0,0,0,0,0,0,0,0,0,0,0,2,0,0,0,0,0
ASV_125360,0,0,0,0,0,0,0,0,0,0,0,0,0,0,0,0,0,0,0,0,0,0,2
ASV_125362,0,0,0,0,0,0,0,0,0,0,0,0,0,0,0,0,0,0,0,0,0,0,2
ASV_125384,0,0,0,0,0,0,2,0,0,0,0,0,0,0,0,0,0,0,0,0,0,0,0
ASV_125668,0,0,0,0,0,2,0,0,0,0,0,0,0,0,0,0,0,0,0,0,0,0,0
ASV_125706,0,0,0,0,0,0,0,2,0,0,0,0,0,0,0,0,0,0,0,0,0,0,0
ASV_125756,0,0,0,0,0,0,0,0,0,0,0,0,2,0,0,0,0,0,0,0,0,0,0
ASV_125825,0,0,0,0,0,0,0,0,0,0,0,0,0,0,0,0,0,2,0,0,0,0,0
ASV_126181,2,0,0,0,0,0,0,0,0,0,0,0,0,0,0,0,0,0,0,0,0,0,0
ASV_126228,0,0,0,0,0,0,0,0,2,0,0,0,0,0,0,0,0,0,0,0,0,0,0
ASV_126357,0,0,0,0,0,2,0,0,0,0,0,0,0,0,0,0,0,0,0,0,0,0,0
ASV_126505,0,0,0,0,0,0,0,0,0,0,0,0,0,0,0,0,0,0,0,0,2,0,0
ASV_126524,0,0,0,0,0,0,0,0,0,0,0,0,0,0,0,0,0,0,0,0,0,0,2
ASV_126525,0,0,0,0,0,0,0,0,0,0,0,0,0,0,0,0,0,0,0,0,0,0,2
ASV_126668,0,0,0,0,0,0,0,0,0,0,0,0,0,0,0,0,0,0,0,0,0,0,2
ASV_126770,0,0,0,0,0,0,0,0,0,0,0,0,0,0,0,0,0,0,0,0,0,0,2
ASV_126771,0,0,0,0,0,0,0,0,0,0,0,0,0,0,0,0,0,0,0,0,0,0,2
ASV_126772,0,0,0,0,0,0,0,0,0,0,0,0,0,0,0,0,0,0,0,0,0,0,2
ASV_130027,0,0,0,0,0,0,0,0,0,0,1,0,0,0,0,0,0,0,0,0,0,0,0
ASV_130177,0,0,0,0,0,0,0,0,0,0,0,0,0,0,1,0,0,0,0,0,0,0,0
ASV_130205,0,0,0,0,0,0,0,0,0,0,0,0,1,0,0,0,0,0,0,0,0,0,0
ASV_130243,0,0,0,0,0,0,0,0,0,0,0,0,0,0,1,0,0,0,0,0,0,0,0
ASV_130359,0,0,0,0,0,0,0,0,0,0,0,0,0,0,0,0,0,0,0,0,0,1,0
ASV_130393,0,0,0,0,0,0,0,0,0,1,0,0,0,0,0,0,0,0,0,0,0,0,0
ASV_130480,0,0,0,0,1,0,0,0,0,0,0,0,0,0,0,0,0,0,0,0,0,0,0
ASV_130905,0,0,0,0,0,0,0,0,0,0,0,1,0,0,0,0,0,0,0,0,0,0,0
ASV_130909,0,0,0,0,0,0,0,0,0,0,0,0,1,0,0,0,0,0,0,0,0,0,0
ASV_130951,0,0,0,0,0,0,0,0,0,0,0,0,0,0,0,0,0,0,1,0,0,0,0
ASV_131140,0,0,0,0,0,0,0,0,0,1,0,0,0,0,0,0,0,0,0,0,0,0,0
ASV_131878,0,0,0,0,1,0,0,0,0,0,0,0,0,0,0,0,0,0,0,0,0,0,0
ASV_132385,0,0,0,0,0,0,0,0,0,0,0,0,0,1,0,0,0,0,0,0,0,0,0
ASV_132386,0,0,0,0,0,0,0,0,0,0,0,0,0,1,0,0,0,0,0,0,0,0,0
ASV_132663,0,0,0,0,0,0,0,0,0,0,0,0,0,0,0,0,1,0,0,0,0,0,0
ASV_132673,0,0,0,0,0,0,0,0,0,0,0,0,0,1,0,0,0,0,0,0,0,0,0
ASV_132949,0,1,0,0,0,0,0,0,0,0,0,0,0,0,0,0,0,0,0,0,0,0,0
ASV_133011,0,0,0,0,0,1,0,0,0,0,0,0,0,0,0,0,0,0,0,0,0,0,0
ASV_133026,0,0,1,0,0,0,0,0,0,0,0,0,0,0,0,0,0,0,0,0,0,0,0
ASV_133035,0,0,0,0,0,0,0,0,0,0,0,0,0,0,1,0,0,0,0,0,0,0,0
ASV_133289,0,0,0,0,0,0,1,0,0,0,0,0,0,0,0,0,0,0,0,0,0,0,0
ASV_133291,0,0,0,0,0,0,0,1,0,0,0,0,0,0,0,0,0,0,0,0,0,0,0
ASV_133294,0,0,0,0,0,1,0,0,0,0,0,0,0,0,0,0,0,0,0,0,0,0,0
ASV_133304,0,0,0,0,0,0,1,0,0,0,0,0,0,0,0,0,0,0,0,0,0,0,0
ASV_133305,0,0,0,0,0,0,0,0,0,0,0,0,0,0,0,0,1,0,0,0,0,0,0
ASV_133335,0,0,0,0,0,0,0,0,0,0,0,1,0,0,0,0,0,0,0,0,0,0,0
ASV_133346,0,0,0,0,0,0,0,0,1,0,0,0,0,0,0,0,0,0,0,0,0,0,0
ASV_133371,0,0,0,0,0,0,0,0,0,0,0,0,1,0,0,0,0,0,0,0,0,0,0
ASV_133376,0,0,0,0,0,0,0,1,0,0,0,0,0,0,0,0,0,0,0,0,0,0,0
ASV_133378,0,0,0,0,0,0,0,0,0,0,0,1,0,0,0,0,0,0,0,0,0,0,0
ASV_133380,0,0,0,0,0,0,0,0,1,0,0,0,0,0,0,0,0,0,0,0,0,0,0
ASV_133505,0,0,0,0,0,0,0,0,0,0,1,0,0,0,0,0,0,0,0,0,0,0,0
ASV_133558,0,0,0,0,1,0,0,0,0,0,0,0,0,0,0,0,0,0,0,0,0,0,0
ASV_133724,0,0,0,0,0,0,0,0,0,0,0,1,0,0,0,0,0,0,0,0,0,0,0
ASV_133730,0,0,0,0,0,0,0,1,0,0,0,0,0,0,0,0,0,0,0,0,0,0,0
ASV_133973,0,0,0,0,0,0,0,0,0,0,0,0,0,0,0,0,0,0,0,0,0,0,1
ASV_134001,0,0,0,0,0,0,0,0,0,0,0,0,0,0,0,0,0,0,0,0,1,0,0
ASV_134532,0,0,0,0,0,0,0,0,0,0,0,0,1,0,0,0,0,0,0,0,0,0,0
ASV_135286,0,0,0,0,0,0,0,0,0,0,0,0,0,0,1,0,0,0,0,0,0,0,0
ASV_135545,0,0,0,0,0,0,0,0,0,0,1,0,0,0,0,0,0,0,0,0,0,0,0
ASV_135923,0,0,0,0,0,0,0,0,0,0,0,0,0,0,0,0,0,0,0,0,0,0,1
ASV_136300,0,0,0,0,0,0,1,0,0,0,0,0,0,0,0,0,0,0,0,0,0,0,0
ASV_136746,1,0,0,0,0,0,0,0,0,0,0,0,0,0,0,0,0,0,0,0,0,0,0
ASV_137599,0,0,0,0,0,0,0,1,0,0,0,0,0,0,0,0,0,0,0,0,0,0,0
ASV_137736,0,0,0,0,0,0,1,0,0,0,0,0,0,0,0,0,0,0,0,0,0,0,0
ASV_137782,0,0,0,0,0,1,0,0,0,0,0,0,0,0,0,0,0,0,0,0,0,0,0
ASV_138237,0,0,0,0,0,0,0,0,1,0,0,0,0,0,0,0,0,0,0,0,0,0,0
ASV_138251,0,0,0,0,0,0,0,0,0,1,0,0,0,0,0,0,0,0,0,0,0,0,0
ASV_138756,0,0,0,0,0,0,0,0,0,0,0,0,0,0,0,0,0,0,0,1,0,0,0
ASV_138815,0,0,0,0,0,1,0,0,0,0,0,0,0,0,0,0,0,0,0,0,0,0,0
ASV_139119,0,0,0,0,0,0,0,1,0,0,0,0,0,0,0,0,0,0,0,0,0,0,0
