#OTUID	G8r-AWI19	G19r-AWI7	G12r-NOC23	E-G2-NOAA29	G22r-DAL24	E-G16-NOC11	E-G27-eMock2-2	G4r-ROS16	G7r-NOC20	E-G14-ROS20	E-G13-NOAA23	G5r-NOC4	G10r-ROS4	G26r-NOAA5	G24r-AWI15	G18r-NOAA6	G21r-NOC33	E-G3-DAL6	G9r-NOAA17	E-G28-eMock2-7	G23r-NOAA12	G17r-DAL12	G25r-ROS8	E-G36-bMock27	E-G6-DAL18	E-G15-AWI3	E-G30-eMockB-18	E-G29-eMockA-11	E-G32-bMock2	G11r-DAL30	E-G35-bMock22	G20r-ROS12	E-G31-eMockB-20	E-G34-bMock20	E-G1-AWI11	E-G33-bMock9
ASV_1	425.0	736.0	12.0	2.0	105.0	7.0	1209.0	2.0	3.0	0.0	0.0	24.0	0.0	0.0	801.0	0.0	30.0	33.0	0.0	1441.0	0.0	109.0	0.0	34300.0	88.0	487.0	1712.0	1266.0	33675.0	124.0	34286.0	4.0	1383.0	56835.0	360.0	34134.0
ASV_14	0.0	0.0	0.0	0.0	0.0	0.0	1557.0	0.0	0.0	0.0	0.0	0.0	0.0	0.0	0.0	0.0	0.0	0.0	0.0	1702.0	0.0	0.0	0.0	9642.0	0.0	0.0	2086.0	1625.0	8140.0	0.0	9567.0	0.0	1877.0	17386.0	0.0	9929.0
ASV_37	0.0	0.0	0.0	0.0	0.0	0.0	3162.0	0.0	0.0	0.0	0.0	0.0	0.0	0.0	0.0	0.0	0.0	0.0	0.0	3439.0	0.0	0.0	0.0	1756.0	0.0	0.0	3767.0	3115.0	1747.0	0.0	1851.0	0.0	3436.0	3074.0	0.0	1796.0
ASV_49	0.0	0.0	0.0	0.0	0.0	0.0	2494.0	0.0	0.0	0.0	0.0	0.0	0.0	0.0	0.0	0.0	0.0	0.0	0.0	2534.0	0.0	0.0	0.0	996.0	0.0	4.0	2852.0	2342.0	901.0	0.0	1068.0	0.0	2547.0	1717.0	0.0	1069.0
ASV_50	0.0	0.0	0.0	0.0	0.0	0.0	2105.0	0.0	0.0	0.0	0.0	0.0	0.0	0.0	0.0	0.0	0.0	0.0	0.0	1512.0	0.0	0.0	0.0	1345.0	0.0	0.0	2514.0	1950.0	1177.0	0.0	1394.0	0.0	2431.0	2455.0	0.0	1451.0
ASV_59	729.0	1494.0	0.0	0.0	0.0	0.0	408.0	0.0	0.0	0.0	0.0	0.0	0.0	0.0	1180.0	0.0	0.0	0.0	0.0	545.0	0.0	0.0	0.0	1396.0	0.0	713.0	530.0	515.0	943.0	0.0	1416.0	0.0	478.0	2441.0	469.0	1438.0
ASV_62	1555.0	2450.0	19.0	33.0	558.0	36.0	0.0	0.0	54.0	0.0	54.0	35.0	0.0	181.0	2408.0	114.0	128.0	163.0	28.0	0.0	262.0	522.0	0.0	0.0	425.0	1969.0	0.0	0.0	0.0	404.0	0.0	0.0	0.0	0.0	2309.0	0.0
ASV_66	2541.0	2061.0	283.0	0.0	0.0	213.0	0.0	32.0	359.0	34.0	0.0	422.0	306.0	0.0	2534.0	0.0	365.0	0.0	0.0	0.0	0.0	0.0	122.0	0.0	0.0	1997.0	0.0	0.0	0.0	0.0	0.0	120.0	0.0	0.0	2043.0	0.0
ASV_84	4.0	4.0	18.0	10.0	707.0	3.0	1021.0	77.0	27.0	14.0	10.0	24.0	72.0	66.0	3.0	91.0	20.0	181.0	5.0	1100.0	20.0	750.0	92.0	160.0	429.0	0.0	1199.0	1023.0	127.0	1033.0	130.0	83.0	1056.0	253.0	0.0	115.0
ASV_86	0.0	0.0	0.0	0.0	0.0	0.0	1170.0	0.0	0.0	0.0	0.0	0.0	0.0	0.0	0.0	0.0	0.0	0.0	0.0	1155.0	0.0	0.0	0.0	683.0	0.0	7.0	1275.0	1193.0	583.0	0.0	642.0	0.0	1289.0	1254.0	0.0	663.0
ASV_91	0.0	0.0	0.0	0.0	9499.0	0.0	0.0	0.0	0.0	0.0	0.0	0.0	0.0	0.0	0.0	0.0	0.0	0.0	0.0	0.0	0.0	0.0	0.0	0.0	0.0	0.0	0.0	0.0	0.0	0.0	0.0	0.0	0.0	0.0	0.0	0.0
ASV_95	0.0	0.0	496.0	0.0	0.0	739.0	0.0	396.0	1093.0	99.0	0.0	736.0	539.0	0.0	0.0	0.0	3527.0	0.0	0.0	0.0	0.0	0.0	641.0	0.0	0.0	0.0	0.0	0.0	0.0	0.0	0.0	709.0	0.0	0.0	0.0	0.0
ASV_109	33.0	1235.0	51.0	6.0	1170.0	133.0	0.0	3.0	12.0	15.0	2.0	363.0	0.0	2.0	21.0	0.0	997.0	184.0	4.0	0.0	0.0	1979.0	0.0	0.0	587.0	71.0	0.0	0.0	0.0	604.0	0.0	0.0	0.0	0.0	51.0	0.0
ASV_111	0.0	0.0	0.0	0.0	0.0	0.0	205.0	0.0	0.0	0.0	0.0	0.0	0.0	0.0	0.0	0.0	0.0	0.0	0.0	231.0	0.0	0.0	0.0	1148.0	0.0	7.0	280.0	235.0	717.0	0.0	1148.0	0.0	243.0	1891.0	0.0	1209.0
ASV_114	0.0	0.0	0.0	0.0	0.0	0.0	1231.0	0.0	0.0	0.0	0.0	0.0	0.0	0.0	0.0	0.0	0.0	0.0	0.0	1300.0	0.0	0.0	0.0	127.0	0.0	0.0	1447.0	1065.0	121.0	0.0	135.0	0.0	1426.0	219.0	0.0	123.0
ASV_124	0.0	0.0	0.0	0.0	0.0	0.0	724.0	0.0	0.0	0.0	0.0	0.0	0.0	0.0	0.0	0.0	0.0	0.0	0.0	819.0	0.0	0.0	0.0	444.0	0.0	2.0	854.0	749.0	405.0	0.0	475.0	0.0	836.0	826.0	0.0	444.0
ASV_125	0.0	0.0	0.0	6.0	0.0	0.0	750.0	0.0	0.0	0.0	4.0	0.0	0.0	19.0	0.0	16.0	0.0	0.0	0.0	749.0	7.0	0.0	0.0	394.0	0.0	2.0	921.0	770.0	348.0	0.0	429.0	0.0	879.0	675.0	0.0	466.0
ASV_126	0.0	0.0	0.0	0.0	0.0	0.0	187.0	0.0	0.0	0.0	0.0	0.0	0.0	0.0	0.0	0.0	0.0	0.0	0.0	226.0	0.0	0.0	0.0	920.0	0.0	4.0	288.0	208.0	567.0	0.0	1037.0	0.0	239.0	1747.0	0.0	959.0
ASV_129	0.0	0.0	462.0	8.0	75.0	146.0	0.0	461.0	538.0	118.0	0.0	586.0	997.0	7.0	0.0	51.0	894.0	13.0	1.0	0.0	0.0	71.0	686.0	0.0	32.0	0.0	0.0	0.0	0.0	31.0	0.0	1093.0	0.0	0.0	0.0	0.0
ASV_132	216.0	406.0	13.0	0.0	1506.0	10.0	0.0	0.0	40.0	0.0	0.0	18.0	7.0	0.0	438.0	0.0	12.0	176.0	0.0	0.0	0.0	1543.0	6.0	0.0	672.0	362.0	0.0	0.0	0.0	413.0	0.0	3.0	0.0	0.0	296.0	0.0
ASV_135	0.0	0.0	0.0	0.0	1654.0	0.0	0.0	0.0	0.0	0.0	2.0	0.0	0.0	0.0	0.0	0.0	0.0	87.0	0.0	0.0	3.0	2062.0	0.0	0.0	1533.0	0.0	0.0	0.0	0.0	614.0	0.0	0.0	0.0	0.0	0.0	0.0
ASV_145	0.0	3.0	138.0	45.0	579.0	127.0	0.0	365.0	299.0	85.0	30.0	304.0	454.0	65.0	7.0	83.0	307.0	188.0	6.0	0.0	69.0	639.0	272.0	0.0	458.0	0.0	2.0	0.0	0.0	386.0	0.0	469.0	0.0	0.0	6.0	0.0
ASV_151	823.0	1107.0	31.0	0.0	0.0	12.0	0.0	0.0	12.0	0.0	0.0	26.0	0.0	0.0	1281.0	0.0	65.0	0.0	0.0	0.0	0.0	0.0	0.0	0.0	0.0	966.0	0.0	0.0	0.0	0.0	0.0	0.0	0.0	0.0	840.0	0.0
ASV_152	0.0	0.0	154.0	142.0	3.0	88.0	0.0	487.0	243.0	71.0	76.0	252.0	468.0	412.0	0.0	1016.0	303.0	0.0	15.0	0.0	228.0	4.0	538.0	0.0	2.0	0.0	0.0	0.0	0.0	3.0	0.0	608.0	0.0	0.0	0.0	0.0
ASV_156	0.0	0.0	0.0	9.0	1063.0	0.0	0.0	4.0	0.0	0.0	38.0	0.0	18.0	48.0	0.0	46.0	0.0	312.0	41.0	0.0	155.0	956.0	0.0	0.0	445.0	0.0	0.0	0.0	0.0	1731.0	0.0	9.0	0.0	0.0	0.0	0.0
ASV_167	0.0	0.0	0.0	0.0	0.0	0.0	643.0	0.0	0.0	0.0	0.0	0.0	0.0	0.0	0.0	0.0	0.0	0.0	0.0	762.0	0.0	0.0	0.0	113.0	0.0	0.0	857.0	662.0	109.0	0.0	120.0	0.0	756.0	235.0	0.0	113.0
ASV_168	0.0	0.0	350.0	0.0	13.0	226.0	0.0	301.0	632.0	80.0	0.0	637.0	487.0	0.0	0.0	0.0	835.0	0.0	0.0	0.0	0.0	4.0	280.0	0.0	9.0	0.0	0.0	0.0	0.0	2.0	0.0	457.0	0.0	0.0	0.0	0.0
ASV_172	0.0	0.0	0.0	26.0	1006.0	0.0	0.0	0.0	0.0	0.0	31.0	0.0	4.0	28.0	0.0	0.0	0.0	291.0	6.0	0.0	48.0	681.0	15.0	0.0	409.0	0.0	0.0	0.0	0.0	1596.0	0.0	11.0	0.0	0.0	0.0	0.0
ASV_174	0.0	0.0	130.0	80.0	18.0	39.0	0.0	197.0	228.0	48.0	137.0	154.0	266.0	420.0	0.0	539.0	166.0	3.0	106.0	0.0	1086.0	9.0	138.0	0.0	9.0	0.0	0.0	0.0	0.0	13.0	0.0	276.0	0.0	0.0	0.0	0.0
ASV_179	0.0	0.0	190.0	0.0	0.0	97.0	0.0	398.0	620.0	150.0	0.0	348.0	771.0	0.0	0.0	15.0	250.0	0.0	0.0	0.0	0.0	0.0	426.0	0.0	0.0	0.0	0.0	0.0	0.0	0.0	0.0	766.0	0.0	0.0	0.0	0.0
ASV_180	3.0	0.0	335.0	31.0	41.0	184.0	0.0	195.0	628.0	32.0	14.0	704.0	241.0	72.0	2.0	203.0	776.0	6.0	0.0	0.0	54.0	30.0	203.0	0.0	22.0	0.0	0.0	0.0	0.0	10.0	0.0	244.0	0.0	0.0	0.0	0.0
ASV_183	0.0	0.0	0.0	0.0	0.0	0.0	0.0	777.0	0.0	180.0	0.0	0.0	1125.0	0.0	0.0	0.0	0.0	0.0	0.0	0.0	0.0	0.0	661.0	0.0	0.0	0.0	0.0	0.0	0.0	0.0	0.0	1153.0	0.0	0.0	0.0	0.0
ASV_201	0.0	0.0	0.0	0.0	0.0	0.0	0.0	0.0	0.0	0.0	0.0	0.0	0.0	0.0	0.0	0.0	0.0	0.0	0.0	0.0	3353.0	0.0	0.0	0.0	0.0	0.0	0.0	0.0	0.0	0.0	0.0	0.0	0.0	0.0	0.0	0.0
ASV_202	452.0	835.0	0.0	15.0	0.0	7.0	0.0	0.0	4.0	0.0	13.0	0.0	0.0	16.0	701.0	18.0	15.0	0.0	5.0	0.0	85.0	0.0	0.0	0.0	5.0	588.0	0.0	0.0	0.0	0.0	0.0	0.0	0.0	0.0	560.0	0.0
ASV_207	0.0	0.0	0.0	0.0	0.0	0.0	382.0	0.0	0.0	0.0	0.0	0.0	0.0	0.0	0.0	0.0	0.0	0.0	0.0	381.0	0.0	0.0	0.0	231.0	0.0	0.0	382.0	328.0	209.0	0.0	247.0	0.0	354.0	426.0	0.0	274.0
ASV_208	418.0	991.0	0.0	0.0	0.0	0.0	0.0	0.0	0.0	0.0	0.0	0.0	0.0	0.0	873.0	0.0	0.0	0.0	0.0	0.0	0.0	0.0	0.0	0.0	0.0	443.0	0.0	0.0	0.0	0.0	0.0	0.0	0.0	0.0	487.0	0.0
ASV_215	0.0	0.0	0.0	0.0	841.0	0.0	0.0	0.0	0.0	0.0	0.0	0.0	0.0	0.0	0.0	0.0	0.0	218.0	0.0	0.0	0.0	702.0	0.0	0.0	666.0	0.0	0.0	0.0	0.0	575.0	0.0	0.0	0.0	0.0	0.0	0.0
ASV_229	333.0	736.0	0.0	7.0	0.0	0.0	0.0	0.0	0.0	0.0	6.0	0.0	0.0	12.0	727.0	16.0	0.0	4.0	2.0	0.0	11.0	18.0	0.0	0.0	1.0	491.0	0.0	0.0	0.0	0.0	0.0	0.0	0.0	0.0	436.0	0.0
ASV_232	530.0	565.0	0.0	0.0	0.0	0.0	0.0	0.0	0.0	0.0	0.0	0.0	0.0	0.0	501.0	0.0	0.0	0.0	0.0	0.0	0.0	0.0	0.0	0.0	0.0	450.0	0.0	0.0	0.0	0.0	0.0	0.0	0.0	0.0	690.0	0.0
ASV_243	0.0	0.0	132.0	43.0	62.0	69.0	0.0	238.0	216.0	34.0	15.0	211.0	215.0	84.0	0.0	254.0	274.0	11.0	0.0	0.0	71.0	57.0	234.0	0.0	39.0	0.0	0.0	0.0	0.0	21.0	0.0	291.0	0.0	0.0	0.0	0.0
ASV_249	360.0	771.0	0.0	0.0	0.0	0.0	0.0	0.0	0.0	0.0	0.0	0.0	0.0	0.0	615.0	0.0	0.0	0.0	0.0	0.0	0.0	0.0	0.0	0.0	0.0	387.0	0.0	0.0	0.0	0.0	0.0	0.0	0.0	0.0	401.0	0.0
ASV_252	105.0	294.0	76.0	40.0	0.0	68.0	0.0	159.0	79.0	35.0	27.0	120.0	189.0	53.0	272.0	65.0	143.0	2.0	3.0	0.0	62.0	8.0	107.0	0.0	0.0	206.0	0.0	0.0	0.0	0.0	0.0	225.0	0.0	0.0	172.0	0.0
ASV_259	0.0	0.0	0.0	10.0	671.0	0.0	0.0	0.0	0.0	0.0	3.0	0.0	0.0	8.0	0.0	18.0	0.0	200.0	0.0	0.0	15.0	468.0	0.0	0.0	584.0	0.0	0.0	0.0	0.0	425.0	0.0	0.0	0.0	0.0	0.0	0.0
ASV_264	0.0	0.0	65.0	12.0	406.0	23.0	0.0	0.0	132.0	1.0	25.0	83.0	9.0	58.0	0.0	42.0	62.0	85.0	2.0	0.0	97.0	654.0	0.0	0.0	238.0	0.0	0.0	0.0	0.0	333.0	0.0	0.0	0.0	0.0	0.0	0.0
ASV_267	0.0	0.0	0.0	0.0	0.0	0.0	262.0	0.0	0.0	0.0	0.0	0.0	0.0	0.0	0.0	0.0	0.0	0.0	0.0	286.0	0.0	0.0	0.0	179.0	0.0	2.0	282.0	205.0	124.0	0.0	177.0	0.0	309.0	267.0	0.0	178.0
ASV_272	0.0	0.0	0.0	0.0	0.0	0.0	420.0	0.0	0.0	0.0	0.0	0.0	0.0	0.0	0.0	0.0	0.0	0.0	0.0	367.0	0.0	0.0	0.0	0.0	0.0	0.0	554.0	382.0	0.0	0.0	0.0	0.0	521.0	0.0	0.0	0.0
ASV_276	0.0	0.0	0.0	110.0	0.0	0.0	0.0	37.0	0.0	1.0	281.0	0.0	75.0	335.0	0.0	169.0	0.0	0.0	82.0	0.0	903.0	0.0	86.0	0.0	0.0	0.0	0.0	0.0	0.0	1.0	0.0	104.0	0.0	0.0	0.0	0.0
ASV_287	0.0	0.0	87.0	33.0	0.0	73.0	0.0	222.0	150.0	38.0	41.0	117.0	238.0	155.0	0.0	152.0	167.0	0.0	39.0	0.0	231.0	0.0	141.0	0.0	0.0	0.0	0.0	0.0	0.0	0.0	0.0	176.0	0.0	0.0	0.0	0.0
ASV_298	408.0	623.0	0.0	0.0	0.0	0.0	0.0	0.0	0.0	0.0	0.0	0.0	0.0	0.0	555.0	0.0	0.0	0.0	0.0	0.0	0.0	0.0	0.0	0.0	0.0	260.0	0.0	0.0	0.0	0.0	0.0	0.0	0.0	0.0	120.0	0.0
ASV_311	0.0	0.0	0.0	0.0	0.0	0.0	0.0	0.0	0.0	0.0	0.0	0.0	0.0	0.0	0.0	0.0	0.0	0.0	0.0	0.0	0.0	0.0	0.0	340.0	0.0	0.0	0.0	0.0	311.0	0.0	322.0	0.0	0.0	610.0	0.0	305.0
ASV_320	0.0	0.0	0.0	2.0	0.0	0.0	0.0	0.0	0.0	0.0	280.0	0.0	0.0	37.0	0.0	816.0	0.0	0.0	49.0	0.0	582.0	0.0	0.0	0.0	0.0	0.0	0.0	0.0	0.0	0.0	0.0	0.0	0.0	0.0	0.0	0.0
ASV_321	0.0	0.0	0.0	0.0	8.0	0.0	161.0	0.0	0.0	0.0	0.0	0.0	2.0	0.0	0.0	0.0	0.0	4.0	0.0	166.0	2.0	5.0	0.0	113.0	8.0	0.0	211.0	160.0	139.0	3.0	171.0	0.0	214.0	237.0	0.0	160.0
ASV_323	0.0	0.0	33.0	0.0	0.0	33.0	0.0	0.0	47.0	0.0	0.0	119.0	0.0	0.0	0.0	0.0	1527.0	0.0	0.0	0.0	0.0	0.0	0.0	0.0	0.0	0.0	0.0	0.0	0.0	0.0	0.0	0.0	0.0	0.0	0.0	0.0
ASV_325	0.0	0.0	0.0	5.0	342.0	0.0	0.0	0.0	0.0	0.0	0.0	0.0	0.0	16.0	0.0	10.0	0.0	118.0	4.0	0.0	19.0	314.0	0.0	0.0	567.0	0.0	0.0	0.0	0.0	349.0	0.0	0.0	0.0	0.0	0.0	0.0
ASV_331	0.0	0.0	102.0	0.0	0.0	15.0	0.0	180.0	145.0	69.0	0.0	73.0	459.0	0.0	0.0	0.0	57.0	0.0	0.0	0.0	0.0	0.0	177.0	0.0	0.0	0.0	0.0	0.0	0.0	0.0	0.0	430.0	0.0	0.0	0.0	0.0
ASV_337	0.0	0.0	0.0	3.0	0.0	0.0	0.0	0.0	0.0	0.0	0.0	0.0	0.0	10.0	0.0	1349.0	0.0	0.0	91.0	0.0	228.0	0.0	0.0	0.0	0.0	0.0	0.0	0.0	0.0	0.0	0.0	0.0	0.0	0.0	0.0	0.0
ASV_342	0.0	0.0	0.0	85.0	0.0	0.0	0.0	0.0	0.0	0.0	70.0	0.0	0.0	75.0	0.0	155.0	0.0	0.0	14.0	0.0	1268.0	0.0	0.0	0.0	0.0	0.0	0.0	0.0	0.0	0.0	0.0	0.0	0.0	0.0	0.0	0.0
ASV_347	0.0	0.0	55.0	0.0	107.0	42.0	0.0	178.0	104.0	49.0	0.0	114.0	201.0	5.0	0.0	0.0	138.0	30.0	0.0	0.0	0.0	107.0	131.0	0.0	91.0	0.0	0.0	0.0	0.0	96.0	0.0	180.0	0.0	0.0	0.0	0.0
ASV_353	0.0	0.0	0.0	0.0	0.0	0.0	231.0	0.0	0.0	0.0	0.0	0.0	0.0	0.0	0.0	0.0	0.0	0.0	0.0	266.0	0.0	0.0	0.0	33.0	0.0	0.0	325.0	220.0	32.0	0.0	34.0	0.0	302.0	76.0	0.0	37.0
ASV_360	0.0	0.0	0.0	0.0	0.0	0.0	122.0	0.0	0.0	0.0	0.0	0.0	0.0	0.0	0.0	0.0	0.0	0.0	0.0	171.0	0.0	0.0	0.0	142.0	2.0	3.0	163.0	181.0	98.0	0.0	146.0	0.0	160.0	198.0	0.0	145.0
ASV_370	197.0	355.0	0.0	0.0	0.0	0.0	0.0	0.0	0.0	0.0	0.0	0.0	0.0	0.0	455.0	0.0	0.0	0.0	0.0	0.0	0.0	0.0	0.0	0.0	0.0	256.0	0.0	0.0	0.0	0.0	0.0	0.0	0.0	0.0	229.0	0.0
ASV_374	0.0	0.0	36.0	43.0	0.0	16.0	0.0	177.0	79.0	29.0	21.0	69.0	147.0	75.0	0.0	266.0	79.0	3.0	3.0	0.0	50.0	0.0	142.0	0.0	2.0	0.0	0.0	0.0	0.0	0.0	0.0	220.0	0.0	0.0	0.0	0.0
ASV_377	0.0	0.0	0.0	0.0	0.0	0.0	0.0	8.0	0.0	0.0	10.0	0.0	179.0	0.0	0.0	0.0	0.0	0.0	1154.0	0.0	91.0	0.0	2.0	0.0	0.0	0.0	0.0	0.0	0.0	0.0	0.0	5.0	0.0	0.0	0.0	0.0
ASV_380	0.0	2.0	0.0	0.0	0.0	0.0	194.0	0.0	0.0	0.0	0.0	0.0	0.0	0.0	0.0	0.0	0.0	0.0	0.0	203.0	0.0	0.0	0.0	40.0	0.0	0.0	278.0	266.0	28.0	0.0	49.0	0.0	249.0	70.0	0.0	42.0
ASV_384	0.0	0.0	4.0	0.0	288.0	5.0	0.0	0.0	161.0	3.0	0.0	90.0	0.0	0.0	0.0	0.0	367.0	47.0	0.0	0.0	0.0	232.0	0.0	0.0	63.0	0.0	0.0	0.0	0.0	150.0	0.0	2.0	0.0	0.0	0.0	0.0
ASV_385	133.0	251.0	46.0	0.0	0.0	32.0	0.0	0.0	70.0	2.0	0.0	99.0	6.0	0.0	290.0	0.0	126.0	0.0	0.0	0.0	0.0	0.0	3.0	0.0	0.0	160.0	0.0	0.0	0.0	0.0	0.0	10.0	0.0	0.0	183.0	0.0
ASV_390	0.0	0.0	4.0	0.0	246.0	4.0	0.0	0.0	0.0	0.0	0.0	2.0	0.0	0.0	0.0	0.0	13.0	112.0	0.0	0.0	0.0	455.0	2.0	0.0	198.0	0.0	0.0	0.0	0.0	353.0	0.0	4.0	0.0	0.0	0.0	0.0
ASV_391	0.0	0.0	0.0	0.0	0.0	0.0	0.0	0.0	0.0	0.0	0.0	0.0	0.0	0.0	0.0	0.0	0.0	0.0	0.0	0.0	1382.0	0.0	0.0	0.0	0.0	0.0	0.0	0.0	0.0	0.0	0.0	0.0	0.0	0.0	0.0	0.0
ASV_393	126.0	259.0	102.0	0.0	0.0	62.0	0.0	38.0	27.0	26.0	0.0	142.0	51.0	0.0	214.0	0.0	30.0	0.0	0.0	0.0	0.0	0.0	57.0	0.0	0.0	179.0	0.0	0.0	0.0	0.0	0.0	41.0	0.0	0.0	16.0	0.0
ASV_400	0.0	0.0	0.0	7.0	19.0	0.0	0.0	277.0	0.0	71.0	6.0	0.0	328.0	19.0	0.0	6.0	0.0	24.0	0.0	0.0	1.0	24.0	221.0	0.0	37.0	3.0	0.0	0.0	0.0	31.0	0.0	283.0	0.0	0.0	2.0	0.0
ASV_415	0.0	0.0	0.0	65.0	0.0	13.0	0.0	0.0	114.0	0.0	67.0	61.0	0.0	18.0	0.0	44.0	835.0	0.0	2.0	0.0	24.0	14.0	0.0	0.0	0.0	0.0	0.0	0.0	0.0	15.0	0.0	0.0	0.0	0.0	0.0	0.0
ASV_416	0.0	0.0	163.0	16.0	5.0	93.0	0.0	15.0	203.0	2.0	7.0	265.0	19.0	36.0	0.0	54.0	337.0	2.0	0.0	0.0	20.0	3.0	8.0	0.0	3.0	0.0	0.0	0.0	0.0	5.0	0.0	10.0	0.0	0.0	0.0	0.0
ASV_433	0.0	0.0	17.0	0.0	0.0	5.0	25.0	193.0	25.0	41.0	0.0	38.0	236.0	0.0	0.0	0.0	44.0	0.0	0.0	13.0	0.0	0.0	161.0	23.0	0.0	0.0	21.0	18.0	20.0	0.0	19.0	231.0	25.0	25.0	0.0	18.0
ASV_442	0.0	0.0	0.0	0.0	0.0	0.0	0.0	0.0	0.0	0.0	0.0	0.0	0.0	0.0	0.0	0.0	0.0	0.0	0.0	0.0	0.0	0.0	1101.0	0.0	0.0	0.0	0.0	0.0	0.0	0.0	0.0	70.0	0.0	0.0	0.0	0.0
ASV_458	0.0	0.0	0.0	57.0	0.0	0.0	0.0	0.0	0.0	0.0	113.0	0.0	0.0	175.0	0.0	212.0	0.0	0.0	86.0	0.0	467.0	0.0	0.0	0.0	0.0	0.0	0.0	0.0	0.0	0.0	0.0	0.0	0.0	0.0	0.0	0.0
ASV_462	0.0	0.0	4.0	5.0	151.0	4.0	0.0	94.0	0.0	11.0	0.0	0.0	116.0	17.0	0.0	5.0	0.0	48.0	2.0	0.0	3.0	159.0	77.0	0.0	171.0	0.0	0.0	0.0	0.0	118.0	0.0	101.0	0.0	0.0	0.0	0.0
ASV_465	0.0	0.0	53.0	4.0	22.0	55.0	0.0	76.0	77.0	32.0	5.0	106.0	113.0	12.0	0.0	21.0	154.0	8.0	0.0	0.0	8.0	29.0	109.0	0.0	22.0	0.0	0.0	0.0	0.0	26.0	0.0	142.0	0.0	0.0	0.0	0.0
ASV_468	180.0	342.0	0.0	0.0	0.0	5.0	0.0	0.0	5.0	0.0	0.0	0.0	0.0	0.0	215.0	0.0	41.0	0.0	0.0	0.0	0.0	0.0	0.0	0.0	0.0	256.0	0.0	0.0	0.0	0.0	0.0	0.0	0.0	0.0	25.0	0.0
ASV_480	0.0	0.0	0.0	36.0	0.0	0.0	0.0	0.0	0.0	0.0	199.0	0.0	0.0	600.0	0.0	0.0	0.0	0.0	100.0	0.0	94.0	0.0	0.0	0.0	0.0	0.0	0.0	0.0	0.0	0.0	0.0	0.0	0.0	0.0	0.0	0.0
ASV_486	12.0	22.0	33.0	2.0	53.0	26.0	0.0	86.0	55.0	29.0	0.0	60.0	117.0	6.0	22.0	16.0	78.0	12.0	0.0	0.0	2.0	50.0	82.0	0.0	38.0	15.0	0.0	0.0	0.0	50.0	0.0	142.0	0.0	0.0	11.0	0.0
ASV_489	5.0	7.0	1.0	0.0	136.0	0.0	0.0	47.0	0.0	20.0	0.0	11.0	139.0	0.0	9.0	0.0	5.0	91.0	0.0	0.0	0.0	175.0	64.0	0.0	127.0	9.0	0.0	0.0	0.0	102.0	0.0	63.0	0.0	0.0	2.0	0.0
ASV_508	0.0	0.0	0.0	0.0	225.0	0.0	0.0	0.0	0.0	0.0	0.0	0.0	0.0	0.0	0.0	0.0	0.0	60.0	0.0	0.0	0.0	308.0	0.0	0.0	220.0	0.0	0.0	0.0	0.0	146.0	0.0	0.0	0.0	0.0	0.0	0.0
ASV_515	187.0	227.0	0.0	0.0	0.0	0.0	0.0	0.0	0.0	0.0	0.0	0.0	0.0	0.0	180.0	0.0	0.0	0.0	0.0	0.0	0.0	0.0	0.0	0.0	0.0	220.0	0.0	0.0	0.0	0.0	0.0	0.0	0.0	0.0	114.0	0.0
ASV_521	0.0	0.0	151.0	7.0	12.0	13.0	0.0	0.0	165.0	0.0	10.0	131.0	12.0	33.0	0.0	68.0	202.0	2.0	16.0	0.0	66.0	6.0	13.0	0.0	5.0	0.0	0.0	0.0	0.0	3.0	0.0	4.0	0.0	0.0	0.0	0.0
ASV_538	0.0	0.0	110.0	0.0	2.0	88.0	0.0	31.0	150.0	3.0	0.0	246.0	9.0	0.0	0.0	0.0	177.0	0.0	0.0	0.0	0.0	0.0	11.0	0.0	3.0	0.0	0.0	0.0	0.0	0.0	0.0	43.0	0.0	0.0	0.0	0.0
ASV_541	11.0	35.0	10.0	19.0	0.0	27.0	0.0	5.0	44.0	0.0	31.0	34.0	7.0	180.0	24.0	101.0	48.0	0.0	14.0	0.0	228.0	0.0	2.0	0.0	0.0	31.0	0.0	0.0	0.0	0.0	0.0	6.0	0.0	0.0	13.0	0.0
ASV_549	126.0	149.0	0.0	5.0	36.0	0.0	0.0	0.0	0.0	1.0	2.0	0.0	0.0	5.0	206.0	7.0	0.0	4.0	0.0	0.0	3.0	14.0	0.0	0.0	18.0	124.0	0.0	0.0	0.0	24.0	0.0	0.0	0.0	0.0	124.0	0.0
ASV_556	0.0	0.0	0.0	0.0	234.0	0.0	0.0	0.0	0.0	0.0	0.0	0.0	0.0	0.0	0.0	0.0	0.0	62.0	0.0	0.0	0.0	207.0	0.0	0.0	190.0	0.0	0.0	0.0	0.0	139.0	0.0	0.0	0.0	0.0	0.0	0.0
ASV_558	92.0	215.0	0.0	0.0	0.0	0.0	0.0	0.0	0.0	0.0	0.0	0.0	0.0	0.0	169.0	0.0	0.0	0.0	0.0	0.0	0.0	0.0	0.0	0.0	0.0	205.0	0.0	0.0	0.0	0.0	0.0	0.0	0.0	0.0	148.0	0.0
ASV_569	0.0	0.0	0.0	11.0	63.0	0.0	0.0	31.0	53.0	10.0	52.0	0.0	99.0	22.0	0.0	4.0	0.0	16.0	0.0	0.0	26.0	58.0	135.0	0.0	58.0	0.0	0.0	0.0	0.0	38.0	0.0	131.0	0.0	0.0	0.0	0.0
ASV_577	132.0	224.0	0.0	0.0	0.0	3.0	0.0	0.0	12.0	0.0	0.0	11.0	0.0	0.0	173.0	0.0	4.0	0.0	0.0	0.0	0.0	0.0	0.0	0.0	0.0	105.0	0.0	0.0	0.0	0.0	0.0	0.0	0.0	0.0	131.0	0.0
ASV_579	0.0	0.0	12.0	7.0	51.0	11.0	0.0	73.0	86.0	20.0	12.0	24.0	110.0	17.0	0.0	8.0	27.0	18.0	3.0	0.0	25.0	55.0	58.0	0.0	56.0	0.0	0.0	0.0	0.0	43.0	0.0	77.0	0.0	0.0	0.0	0.0
ASV_588	0.0	0.0	18.0	7.0	18.0	11.0	0.0	99.0	9.0	23.0	5.0	28.0	177.0	5.0	0.0	17.0	44.0	11.0	0.0	0.0	14.0	29.0	86.0	0.0	19.0	0.0	0.0	0.0	0.0	12.0	0.0	144.0	0.0	0.0	0.0	0.0
ASV_589	0.0	0.0	89.0	1.0	32.0	93.0	0.0	16.0	116.0	2.0	0.0	133.0	26.0	1.0	0.0	0.0	155.0	1.0	0.0	0.0	3.0	16.0	24.0	0.0	19.0	0.0	0.0	0.0	0.0	38.0	0.0	8.0	0.0	0.0	0.0	0.0
ASV_595	116.0	184.0	0.0	0.0	2.0	0.0	0.0	0.0	0.0	0.0	0.0	0.0	0.0	0.0	186.0	0.0	0.0	0.0	0.0	0.0	0.0	0.0	0.0	0.0	2.0	124.0	0.0	0.0	0.0	0.0	0.0	0.0	0.0	0.0	155.0	0.0
ASV_610	0.0	0.0	5.0	7.0	121.0	0.0	0.0	40.0	0.0	8.0	3.0	0.0	35.0	18.0	0.0	13.0	0.0	51.0	6.0	0.0	10.0	132.0	22.0	0.0	117.0	0.0	0.0	0.0	0.0	121.0	0.0	31.0	0.0	0.0	0.0	0.0
ASV_612	120.0	187.0	0.0	0.0	0.0	0.0	0.0	0.0	0.0	0.0	0.0	0.0	0.0	0.0	165.0	0.0	0.0	0.0	0.0	0.0	0.0	0.0	0.0	0.0	0.0	126.0	0.0	0.0	0.0	0.0	0.0	0.0	0.0	0.0	139.0	0.0
ASV_621	0.0	0.0	2.0	0.0	270.0	0.0	0.0	0.0	0.0	0.0	0.0	3.0	0.0	0.0	0.0	0.0	5.0	29.0	0.0	0.0	0.0	201.0	0.0	0.0	153.0	0.0	0.0	0.0	0.0	66.0	0.0	0.0	0.0	0.0	0.0	0.0
ASV_630	0.0	0.0	112.0	0.0	0.0	73.0	0.0	0.0	213.0	0.0	0.0	188.0	0.0	0.0	0.0	0.0	133.0	0.0	0.0	0.0	0.0	0.0	0.0	0.0	0.0	0.0	0.0	0.0	0.0	0.0	0.0	0.0	0.0	0.0	0.0	0.0
ASV_633	0.0	0.0	65.0	13.0	17.0	32.0	0.0	18.0	116.0	0.0	4.0	146.0	16.0	24.0	0.0	54.0	145.0	3.0	0.0	0.0	12.0	16.0	9.0	0.0	3.0	0.0	0.0	0.0	0.0	0.0	0.0	23.0	0.0	0.0	0.0	0.0
ASV_647	0.0	0.0	0.0	0.0	0.0	20.0	0.0	19.0	0.0	37.0	0.0	111.0	0.0	0.0	0.0	0.0	75.0	0.0	0.0	0.0	0.0	0.0	6.0	0.0	0.0	0.0	0.0	0.0	0.0	0.0	0.0	425.0	0.0	0.0	0.0	0.0
ASV_654	0.0	0.0	116.0	0.0	0.0	42.0	0.0	0.0	193.0	0.0	0.0	145.0	0.0	0.0	0.0	0.0	186.0	0.0	0.0	0.0	0.0	0.0	0.0	0.0	0.0	0.0	0.0	0.0	0.0	0.0	0.0	2.0	0.0	0.0	0.0	0.0
ASV_655	0.0	0.0	124.0	0.0	120.0	25.0	0.0	0.0	90.0	0.0	0.0	25.0	0.0	0.0	0.0	0.0	40.0	19.0	2.0	0.0	0.0	129.0	0.0	0.0	75.0	0.0	0.0	0.0	0.0	33.0	0.0	0.0	0.0	0.0	0.0	0.0
ASV_659	0.0	0.0	0.0	0.0	200.0	0.0	0.0	0.0	0.0	0.0	0.0	0.0	0.0	0.0	0.0	0.0	0.0	60.0	0.0	0.0	0.0	179.0	0.0	0.0	134.0	0.0	0.0	0.0	0.0	107.0	0.0	0.0	0.0	0.0	0.0	0.0
ASV_665	8.0	16.0	16.0	0.0	146.0	19.0	0.0	0.0	56.0	0.0	0.0	50.0	0.0	0.0	13.0	0.0	47.0	22.0	0.0	0.0	0.0	124.0	0.0	0.0	86.0	15.0	0.0	0.0	0.0	41.0	0.0	0.0	0.0	0.0	6.0	0.0
ASV_666	0.0	0.0	39.0	12.0	0.0	39.0	0.0	42.0	63.0	11.0	5.0	73.0	72.0	17.0	0.0	14.0	110.0	0.0	7.0	0.0	11.0	0.0	71.0	0.0	0.0	0.0	0.0	0.0	0.0	0.0	0.0	78.0	0.0	0.0	0.0	0.0
ASV_685	0.0	0.0	0.0	137.0	0.0	0.0	0.0	0.0	0.0	0.0	96.0	0.0	0.0	2.0	0.0	2.0	0.0	0.0	0.0	0.0	394.0	0.0	0.0	0.0	0.0	0.0	0.0	0.0	0.0	0.0	0.0	0.0	0.0	0.0	0.0	0.0
ASV_700	0.0	0.0	4.0	0.0	0.0	0.0	0.0	103.0	0.0	20.0	6.0	0.0	174.0	3.0	0.0	4.0	0.0	0.0	0.0	0.0	6.0	0.0	113.0	0.0	0.0	0.0	0.0	0.0	0.0	0.0	0.0	177.0	0.0	0.0	0.0	0.0
ASV_704	0.0	0.0	57.0	9.0	7.0	27.0	0.0	15.0	143.0	2.0	0.0	111.0	26.0	11.0	0.0	0.0	132.0	2.0	0.0	0.0	2.0	8.0	33.0	0.0	2.0	0.0	0.0	0.0	0.0	2.0	0.0	18.0	0.0	0.0	0.0	0.0
ASV_707	93.0	174.0	0.0	0.0	0.0	0.0	0.0	0.0	0.0	0.0	0.0	0.0	0.0	0.0	191.0	0.0	0.0	0.0	0.0	0.0	0.0	0.0	0.0	0.0	0.0	104.0	0.0	0.0	0.0	0.0	0.0	0.0	0.0	0.0	43.0	0.0
ASV_710	0.0	0.0	0.0	0.0	0.0	0.0	92.0	0.0	0.0	0.0	0.0	0.0	0.0	0.0	0.0	0.0	0.0	0.0	0.0	96.0	0.0	0.0	0.0	13.0	0.0	0.0	115.0	108.0	10.0	0.0	13.0	0.0	108.0	27.0	0.0	19.0
ASV_711	4.0	12.0	73.0	0.0	9.0	55.0	0.0	0.0	128.0	0.0	2.0	130.0	0.0	2.0	11.0	0.0	121.0	1.0	0.0	0.0	5.0	13.0	0.0	0.0	8.0	11.0	0.0	0.0	0.0	0.0	0.0	0.0	0.0	0.0	14.0	0.0
ASV_728	0.0	0.0	0.0	0.0	40.0	2.0	0.0	12.0	0.0	0.0	0.0	0.0	9.0	0.0	0.0	0.0	0.0	0.0	0.0	0.0	0.0	0.0	4.0	0.0	427.0	0.0	0.0	0.0	0.0	88.0	0.0	5.0	0.0	0.0	0.0	0.0
ASV_734	0.0	0.0	64.0	0.0	0.0	85.0	0.0	4.0	92.0	0.0	1.0	138.0	8.0	0.0	0.0	0.0	172.0	1.0	0.0	0.0	1.0	0.0	0.0	0.0	0.0	0.0	0.0	0.0	0.0	0.0	0.0	12.0	0.0	0.0	0.0	0.0
ASV_741	0.0	0.0	92.0	5.0	4.0	58.0	0.0	11.0	105.0	0.0	0.0	135.0	0.0	0.0	0.0	14.0	123.0	3.0	0.0	0.0	13.0	3.0	2.0	0.0	4.0	0.0	0.0	0.0	0.0	0.0	0.0	2.0	0.0	0.0	0.0	0.0
ASV_742	0.0	0.0	0.0	0.0	0.0	0.0	0.0	54.0	0.0	31.0	0.0	0.0	224.0	0.0	0.0	0.0	0.0	0.0	0.0	0.0	0.0	0.0	98.0	0.0	0.0	0.0	0.0	0.0	0.0	0.0	0.0	167.0	0.0	0.0	0.0	0.0
ASV_754	0.0	0.0	51.0	4.0	0.0	39.0	0.0	17.0	106.0	9.0	0.0	110.0	25.0	10.0	0.0	7.0	115.0	0.0	0.0	0.0	9.0	0.0	28.0	0.0	0.0	0.0	0.0	0.0	0.0	0.0	0.0	36.0	0.0	0.0	0.0	0.0
ASV_756	0.0	0.0	0.0	0.0	37.0	0.0	0.0	0.0	0.0	14.0	0.0	0.0	0.0	3.0	0.0	0.0	86.0	29.0	0.0	0.0	0.0	222.0	8.0	0.0	47.0	0.0	0.0	0.0	0.0	47.0	0.0	71.0	0.0	0.0	0.0	0.0
ASV_766	45.0	99.0	0.0	0.0	15.0	2.0	0.0	5.0	11.0	3.0	0.0	10.0	3.0	39.0	97.0	11.0	13.0	0.0	0.0	0.0	17.0	14.0	6.0	0.0	9.0	64.0	0.0	0.0	0.0	9.0	0.0	14.0	0.0	0.0	68.0	0.0
ASV_767	4.0	0.0	0.0	0.0	98.0	0.0	0.0	0.0	0.0	0.0	0.0	0.0	0.0	0.0	0.0	0.0	0.0	35.0	0.0	0.0	0.0	192.0	0.0	0.0	110.0	8.0	0.0	0.0	0.0	103.0	0.0	0.0	0.0	0.0	0.0	0.0
ASV_773	80.0	98.0	0.0	0.0	0.0	0.0	0.0	0.0	0.0	0.0	0.0	0.0	0.0	0.0	175.0	0.0	0.0	0.0	0.0	0.0	0.0	0.0	0.0	0.0	0.0	93.0	0.0	0.0	0.0	0.0	0.0	0.0	0.0	0.0	97.0	0.0
ASV_776	0.0	0.0	94.0	0.0	0.0	76.0	0.0	5.0	79.0	0.0	0.0	140.0	7.0	3.0	0.0	2.0	125.0	0.0	0.0	0.0	0.0	0.0	6.0	0.0	0.0	0.0	0.0	0.0	0.0	3.0	0.0	2.0	0.0	0.0	0.0	0.0
ASV_782	0.0	0.0	89.0	0.0	3.0	40.0	0.0	9.0	79.0	8.0	0.0	109.0	13.0	0.0	0.0	0.0	133.0	0.0	0.0	0.0	0.0	9.0	9.0	0.0	5.0	0.0	0.0	0.0	0.0	4.0	0.0	24.0	0.0	0.0	0.0	0.0
ASV_793	0.0	0.0	0.0	14.0	0.0	0.0	0.0	0.0	0.0	0.0	133.0	0.0	0.0	45.0	0.0	21.0	0.0	0.0	14.0	0.0	297.0	0.0	0.0	0.0	0.0	0.0	0.0	0.0	0.0	0.0	0.0	0.0	0.0	0.0	0.0	0.0
ASV_798	0.0	0.0	77.0	0.0	0.0	27.0	0.0	29.0	77.0	6.0	2.0	95.0	43.0	0.0	0.0	2.0	96.0	0.0	0.0	0.0	0.0	0.0	29.0	0.0	0.0	0.0	0.0	0.0	0.0	0.0	0.0	35.0	0.0	0.0	0.0	0.0
ASV_807	0.0	0.0	94.0	0.0	0.0	59.0	0.0	0.0	100.0	14.0	0.0	167.0	6.0	0.0	0.0	0.0	69.0	0.0	0.0	0.0	0.0	0.0	0.0	0.0	0.0	0.0	0.0	0.0	0.0	0.0	0.0	0.0	0.0	0.0	0.0	0.0
ASV_814	0.0	0.0	14.0	29.0	7.0	7.0	0.0	39.0	20.0	11.0	18.0	25.0	22.0	52.0	0.0	73.0	58.0	6.0	2.0	0.0	29.0	5.0	29.0	0.0	8.0	0.0	0.0	0.0	0.0	8.0	0.0	41.0	0.0	0.0	0.0	0.0
ASV_820	82.0	103.0	0.0	0.0	0.0	0.0	0.0	0.0	0.0	0.0	0.0	0.0	0.0	0.0	124.0	0.0	0.0	0.0	0.0	0.0	0.0	0.0	0.0	0.0	1.0	93.0	0.0	0.0	0.0	0.0	0.0	0.0	0.0	0.0	91.0	0.0
ASV_826	24.0	31.0	27.0	0.0	5.0	13.0	0.0	24.0	58.0	12.0	0.0	30.0	34.0	3.0	37.0	4.0	51.0	3.0	0.0	0.0	0.0	0.0	14.0	0.0	2.0	40.0	0.0	0.0	0.0	6.0	0.0	29.0	0.0	0.0	40.0	0.0
ASV_832	0.0	0.0	81.0	10.0	0.0	44.0	0.0	14.0	52.0	10.0	18.0	112.0	17.0	7.0	0.0	20.0	60.0	0.0	2.0	0.0	5.0	0.0	24.0	0.0	0.0	0.0	0.0	0.0	0.0	0.0	0.0	9.0	0.0	0.0	0.0	0.0
ASV_854	47.0	107.0	0.0	0.0	0.0	0.0	0.0	0.0	0.0	0.0	0.0	0.0	0.0	0.0	111.0	0.0	0.0	0.0	0.0	0.0	0.0	0.0	0.0	0.0	0.0	149.0	0.0	0.0	0.0	0.0	0.0	0.0	0.0	0.0	48.0	0.0
ASV_864	28.0	42.0	7.0	0.0	43.0	9.0	0.0	0.0	17.0	0.0	0.0	16.0	0.0	0.0	38.0	0.0	26.0	7.0	0.0	0.0	0.0	43.0	0.0	0.0	18.0	71.0	0.0	0.0	0.0	32.0	0.0	0.0	0.0	0.0	58.0	0.0
ASV_870	58.0	86.0	0.0	0.0	2.0	0.0	0.0	0.0	0.0	0.0	0.0	0.0	0.0	0.0	77.0	0.0	0.0	0.0	0.0	0.0	0.0	3.0	0.0	0.0	0.0	126.0	0.0	0.0	0.0	2.0	0.0	0.0	0.0	0.0	96.0	0.0
ASV_873	80.0	50.0	0.0	0.0	20.0	0.0	0.0	0.0	0.0	0.0	6.0	0.0	0.0	9.0	67.0	0.0	0.0	0.0	7.0	0.0	0.0	11.0	0.0	0.0	29.0	102.0	0.0	0.0	0.0	0.0	0.0	0.0	0.0	0.0	64.0	0.0
ASV_879	0.0	0.0	0.0	0.0	0.0	0.0	11.0	0.0	0.0	0.0	0.0	0.0	0.0	0.0	0.0	0.0	0.0	0.0	0.0	6.0	0.0	0.0	0.0	72.0	0.0	0.0	9.0	0.0	82.0	0.0	78.0	0.0	13.0	100.0	0.0	67.0
ASV_881	0.0	0.0	55.0	4.0	0.0	67.0	0.0	0.0	73.0	0.0	6.0	107.0	0.0	13.0	0.0	10.0	94.0	3.0	0.0	0.0	2.0	0.0	0.0	0.0	0.0	0.0	0.0	0.0	0.0	0.0	0.0	0.0	0.0	0.0	0.0	0.0
ASV_894	226.0	0.0	0.0	0.0	0.0	0.0	0.0	0.0	0.0	0.0	0.0	0.0	0.0	0.0	0.0	0.0	0.0	0.0	0.0	0.0	0.0	0.0	0.0	0.0	0.0	0.0	0.0	0.0	0.0	0.0	0.0	0.0	2.0	0.0	189.0	0.0
ASV_896	28.0	60.0	9.0	0.0	17.0	7.0	0.0	2.0	17.0	2.0	0.0	20.0	3.0	0.0	75.0	0.0	27.0	3.0	0.0	0.0	0.0	11.0	6.0	0.0	8.0	53.0	0.0	0.0	0.0	10.0	0.0	4.0	0.0	0.0	55.0	0.0
ASV_908	0.0	0.0	34.0	0.0	0.0	13.0	0.0	36.0	44.0	16.0	2.0	39.0	54.0	3.0	0.0	24.0	47.0	0.0	0.0	0.0	2.0	0.0	35.0	0.0	0.0	0.0	0.0	0.0	0.0	0.0	0.0	58.0	0.0	0.0	0.0	0.0
ASV_909	0.0	0.0	0.0	0.0	0.0	0.0	0.0	0.0	0.0	0.0	27.0	0.0	0.0	176.0	0.0	100.0	0.0	0.0	103.0	0.0	0.0	0.0	0.0	0.0	0.0	0.0	0.0	0.0	0.0	0.0	0.0	0.0	0.0	0.0	0.0	0.0
ASV_911	28.0	59.0	10.0	0.0	0.0	3.0	0.0	0.0	42.0	0.0	0.0	18.0	0.0	0.0	103.0	0.0	19.0	0.0	0.0	0.0	0.0	0.0	0.0	0.0	0.0	64.0	0.0	0.0	0.0	0.0	0.0	0.0	0.0	0.0	60.0	0.0
ASV_928	0.0	0.0	107.0	0.0	0.0	26.0	0.0	0.0	88.0	0.0	0.0	112.0	0.0	0.0	0.0	0.0	64.0	0.0	0.0	0.0	0.0	0.0	0.0	0.0	0.0	0.0	0.0	0.0	0.0	0.0	0.0	0.0	0.0	0.0	0.0	0.0
ASV_935	32.0	38.0	0.0	0.0	58.0	2.0	0.0	0.0	3.0	0.0	0.0	0.0	12.0	0.0	47.0	0.0	4.0	9.0	2.0	0.0	6.0	55.0	8.0	0.0	22.0	40.0	0.0	0.0	0.0	19.0	0.0	15.0	0.0	0.0	23.0	0.0
ASV_938	59.0	63.0	0.0	0.0	0.0	0.0	0.0	0.0	0.0	0.0	0.0	0.0	0.0	0.0	104.0	0.0	0.0	0.0	0.0	0.0	0.0	0.0	0.0	0.0	0.0	88.0	0.0	0.0	0.0	0.0	0.0	0.0	0.0	0.0	80.0	0.0
ASV_943	0.0	0.0	0.0	0.0	0.0	0.0	43.0	0.0	0.0	0.0	0.0	0.0	0.0	0.0	0.0	0.0	0.0	0.0	0.0	44.0	0.0	0.0	0.0	31.0	0.0	0.0	45.0	59.0	16.0	0.0	31.0	0.0	48.0	50.0	0.0	26.0
ASV_945	0.0	0.0	1.0	0.0	7.0	4.0	0.0	77.0	11.0	25.0	0.0	14.0	72.0	0.0	0.0	0.0	7.0	5.0	0.0	0.0	0.0	13.0	55.0	0.0	14.0	0.0	0.0	0.0	0.0	5.0	0.0	81.0	0.0	0.0	0.0	0.0
ASV_946	0.0	0.0	0.0	0.0	88.0	0.0	0.0	3.0	0.0	0.0	0.0	0.0	6.0	0.0	0.0	0.0	0.0	17.0	0.0	0.0	7.0	117.0	1.0	0.0	62.0	0.0	0.0	0.0	0.0	89.0	0.0	0.0	0.0	0.0	0.0	0.0
ASV_950	0.0	0.0	12.0	0.0	0.0	4.0	0.0	46.0	25.0	21.0	0.0	11.0	99.0	2.0	0.0	0.0	22.0	0.0	5.0	0.0	10.0	0.0	70.0	0.0	0.0	0.0	0.0	0.0	0.0	1.0	0.0	61.0	0.0	0.0	0.0	0.0
ASV_965	0.0	0.0	0.0	12.0	0.0	0.0	0.0	20.0	0.0	5.0	12.0	0.0	23.0	35.0	0.0	66.0	37.0	0.0	0.0	0.0	35.0	0.0	56.0	0.0	0.0	0.0	0.0	0.0	0.0	0.0	0.0	82.0	0.0	0.0	0.0	0.0
ASV_969	0.0	0.0	6.0	0.0	0.0	3.0	0.0	87.0	5.0	27.0	0.0	2.0	96.0	0.0	0.0	0.0	0.0	0.0	0.0	0.0	0.0	0.0	46.0	0.0	0.0	0.0	0.0	0.0	0.0	0.0	0.0	110.0	0.0	0.0	0.0	0.0
ASV_974	0.0	0.0	0.0	0.0	0.0	0.0	0.0	25.0	0.0	15.0	0.0	0.0	57.0	0.0	0.0	0.0	0.0	0.0	0.0	0.0	0.0	0.0	33.0	0.0	0.0	0.0	0.0	0.0	0.0	0.0	0.0	249.0	0.0	0.0	0.0	0.0
ASV_983	0.0	0.0	0.0	0.0	104.0	0.0	0.0	0.0	0.0	0.0	0.0	0.0	0.0	0.0	0.0	0.0	0.0	20.0	0.0	0.0	0.0	88.0	0.0	0.0	50.0	0.0	0.0	0.0	0.0	112.0	0.0	0.0	0.0	0.0	0.0	0.0
ASV_984	0.0	0.0	0.0	0.0	0.0	0.0	0.0	0.0	0.0	0.0	8.0	0.0	0.0	31.0	0.0	8.0	0.0	0.0	4.0	0.0	323.0	0.0	0.0	0.0	0.0	0.0	0.0	0.0	0.0	0.0	0.0	0.0	0.0	0.0	0.0	0.0
ASV_985	0.0	0.0	0.0	0.0	43.0	0.0	0.0	0.0	0.0	0.0	0.0	0.0	0.0	0.0	0.0	0.0	0.0	4.0	0.0	0.0	60.0	60.0	2.0	0.0	58.0	0.0	0.0	0.0	0.0	56.0	0.0	89.0	0.0	0.0	0.0	0.0
ASV_986	0.0	0.0	30.0	8.0	0.0	30.0	0.0	6.0	46.0	9.0	3.0	50.0	0.0	11.0	0.0	0.0	157.0	0.0	3.0	0.0	6.0	0.0	8.0	0.0	0.0	0.0	0.0	0.0	0.0	0.0	0.0	4.0	0.0	0.0	0.0	0.0
ASV_987	0.0	0.0	0.0	0.0	0.0	0.0	0.0	70.0	0.0	19.0	0.0	0.0	102.0	0.0	0.0	0.0	0.0	0.0	0.0	0.0	0.0	0.0	95.0	0.0	0.0	0.0	0.0	0.0	0.0	0.0	0.0	84.0	0.0	0.0	0.0	0.0
ASV_988	0.0	0.0	0.0	0.0	0.0	0.0	0.0	75.0	0.0	27.0	0.0	0.0	121.0	0.0	0.0	0.0	0.0	0.0	0.0	0.0	0.0	0.0	55.0	0.0	0.0	0.0	0.0	0.0	0.0	0.0	0.0	90.0	0.0	0.0	0.0	0.0
ASV_991	0.0	0.0	0.0	0.0	0.0	0.0	0.0	68.0	0.0	28.0	0.0	0.0	80.0	0.0	0.0	0.0	0.0	0.0	0.0	0.0	0.0	0.0	93.0	0.0	0.0	0.0	0.0	0.0	0.0	0.0	0.0	98.0	0.0	0.0	0.0	0.0
ASV_1003	0.0	0.0	8.0	15.0	0.0	6.0	0.0	47.0	3.0	10.0	13.0	11.0	72.0	8.0	0.0	5.0	19.0	0.0	5.0	0.0	21.0	0.0	63.0	0.0	3.0	0.0	0.0	0.0	0.0	2.0	0.0	45.0	0.0	0.0	0.0	0.0
ASV_1005	0.0	0.0	37.0	15.0	0.0	18.0	0.0	14.0	42.0	5.0	9.0	50.0	36.0	22.0	0.0	2.0	65.0	0.0	0.0	0.0	3.0	11.0	10.0	0.0	2.0	0.0	0.0	0.0	0.0	5.0	0.0	10.0	0.0	0.0	0.0	0.0
ASV_1008	0.0	0.0	23.0	4.0	9.0	15.0	0.0	16.0	49.0	4.0	0.0	56.0	21.0	3.0	0.0	11.0	63.0	3.0	0.0	0.0	11.0	14.0	22.0	0.0	7.0	0.0	0.0	0.0	0.0	4.0	0.0	21.0	0.0	0.0	0.0	0.0
ASV_1010	11.0	33.0	0.0	0.0	0.0	0.0	0.0	55.0	0.0	8.0	0.0	0.0	58.0	0.0	18.0	0.0	0.0	0.0	0.0	0.0	0.0	0.0	33.0	0.0	0.0	24.0	0.0	0.0	0.0	0.0	0.0	98.0	0.0	0.0	14.0	0.0
ASV_1023	5.0	10.0	10.0	0.0	6.0	3.0	0.0	68.0	11.0	11.0	0.0	8.0	73.0	0.0	7.0	0.0	11.0	4.0	0.0	0.0	0.0	5.0	53.0	0.0	2.0	4.0	0.0	0.0	0.0	0.0	0.0	52.0	0.0	0.0	4.0	0.0
ASV_1031	0.0	0.0	20.0	0.0	36.0	9.0	0.0	29.0	18.0	7.0	0.0	25.0	20.0	0.0	2.0	0.0	26.0	9.0	0.0	0.0	0.0	35.0	20.0	0.0	37.0	2.0	0.0	0.0	0.0	16.0	0.0	32.0	0.0	0.0	0.0	0.0
ASV_1033	0.0	0.0	0.0	81.0	0.0	0.0	0.0	0.0	0.0	0.0	63.0	0.0	0.0	0.0	0.0	34.0	0.0	0.0	16.0	0.0	148.0	0.0	0.0	0.0	0.0	0.0	0.0	0.0	0.0	0.0	0.0	0.0	0.0	0.0	0.0	0.0
ASV_1039	0.0	0.0	11.0	5.0	0.0	6.0	0.0	77.0	5.0	14.0	0.0	7.0	73.0	3.0	0.0	9.0	11.0	0.0	3.0	0.0	7.0	0.0	33.0	0.0	0.0	0.0	0.0	0.0	0.0	0.0	0.0	75.0	0.0	0.0	0.0	0.0
ASV_1042	48.0	82.0	0.0	0.0	0.0	0.0	0.0	0.0	0.0	0.0	0.0	0.0	0.0	0.0	80.0	0.0	0.0	0.0	0.0	0.0	0.0	0.0	0.0	0.0	0.0	76.0	0.0	0.0	0.0	0.0	0.0	0.0	0.0	0.0	52.0	0.0
ASV_1051	34.0	63.0	0.0	0.0	0.0	0.0	0.0	0.0	0.0	0.0	0.0	0.0	0.0	0.0	58.0	0.0	0.0	0.0	0.0	0.0	0.0	0.0	0.0	0.0	0.0	85.0	0.0	0.0	0.0	0.0	0.0	0.0	0.0	0.0	94.0	0.0
ASV_1058	0.0	0.0	6.0	3.0	0.0	2.0	0.0	33.0	20.0	7.0	10.0	15.0	52.0	27.0	0.0	19.0	7.0	0.0	0.0	0.0	46.0	3.0	30.0	0.0	0.0	0.0	0.0	0.0	0.0	0.0	0.0	51.0	0.0	0.0	0.0	0.0
ASV_1061	34.0	77.0	0.0	0.0	0.0	0.0	0.0	0.0	0.0	0.0	0.0	0.0	0.0	0.0	85.0	0.0	0.0	0.0	0.0	0.0	0.0	0.0	0.0	0.0	0.0	72.0	0.0	0.0	0.0	0.0	0.0	0.0	0.0	0.0	61.0	0.0
ASV_1062	62.0	68.0	0.0	0.0	0.0	0.0	0.0	0.0	0.0	0.0	0.0	0.0	0.0	0.0	61.0	0.0	0.0	0.0	0.0	0.0	0.0	0.0	0.0	0.0	8.0	85.0	0.0	0.0	0.0	2.0	0.0	0.0	0.0	0.0	43.0	0.0
ASV_1063	8.0	1.0	63.0	0.0	8.0	17.0	0.0	0.0	66.0	0.0	0.0	64.0	0.0	0.0	0.0	0.0	90.0	1.0	0.0	0.0	0.0	0.0	0.0	0.0	4.0	4.0	0.0	0.0	0.0	1.0	0.0	0.0	0.0	0.0	2.0	0.0
ASV_1073	0.0	0.0	42.0	0.0	0.0	15.0	0.0	19.0	54.0	7.0	0.0	52.0	33.0	0.0	0.0	0.0	61.0	0.0	0.0	0.0	0.0	0.0	15.0	0.0	0.0	0.0	0.0	0.0	0.0	0.0	0.0	24.0	0.0	0.0	0.0	0.0
ASV_1079	0.0	0.0	28.0	0.0	0.0	7.0	0.0	30.0	16.0	14.0	0.0	28.0	54.0	0.0	0.0	0.0	34.0	0.0	0.0	0.0	0.0	0.0	53.0	0.0	0.0	0.0	0.0	0.0	0.0	0.0	0.0	56.0	0.0	0.0	0.0	0.0
ASV_1081	35.0	11.0	0.0	0.0	59.0	0.0	0.0	10.0	0.0	0.0	0.0	0.0	0.0	0.0	41.0	0.0	0.0	25.0	0.0	0.0	0.0	44.0	5.0	0.0	52.0	9.0	0.0	0.0	0.0	23.0	0.0	4.0	0.0	0.0	0.0	0.0
ASV_1091	0.0	0.0	3.0	0.0	2.0	2.0	0.0	59.0	4.0	16.0	0.0	6.0	82.0	0.0	0.0	5.0	2.0	0.0	3.0	0.0	0.0	0.0	51.0	0.0	0.0	0.0	0.0	0.0	0.0	0.0	0.0	80.0	0.0	0.0	0.0	0.0
ASV_1093	0.0	0.0	0.0	0.0	0.0	0.0	0.0	0.0	0.0	0.0	0.0	0.0	0.0	0.0	0.0	0.0	0.0	0.0	0.0	0.0	0.0	0.0	0.0	0.0	0.0	0.0	0.0	0.0	0.0	0.0	0.0	0.0	0.0	0.0	314.0	0.0
ASV_1097	0.0	0.0	23.0	0.0	0.0	22.0	0.0	7.0	90.0	0.0	0.0	72.0	6.0	0.0	0.0	0.0	89.0	0.0	0.0	0.0	0.0	0.0	2.0	0.0	0.0	0.0	0.0	0.0	0.0	0.0	0.0	2.0	0.0	0.0	0.0	0.0
ASV_1102	0.0	0.0	0.0	0.0	0.0	0.0	0.0	0.0	0.0	0.0	0.0	0.0	0.0	0.0	0.0	0.0	0.0	0.0	0.0	0.0	0.0	0.0	0.0	40.0	0.0	0.0	0.0	0.0	60.0	0.0	74.0	0.0	0.0	87.0	0.0	50.0
ASV_1107	0.0	0.0	0.0	5.0	0.0	0.0	0.0	0.0	0.0	0.0	11.0	0.0	0.0	36.0	0.0	24.0	0.0	0.0	12.0	0.0	222.0	0.0	0.0	0.0	0.0	0.0	0.0	0.0	0.0	0.0	0.0	0.0	0.0	0.0	0.0	0.0
ASV_1113	0.0	0.0	0.0	0.0	0.0	0.0	0.0	43.0	0.0	13.0	0.0	2.0	112.0	0.0	0.0	0.0	0.0	0.0	0.0	0.0	0.0	0.0	40.0	0.0	0.0	0.0	0.0	0.0	0.0	0.0	0.0	98.0	0.0	0.0	0.0	0.0
ASV_1120	0.0	0.0	25.0	0.0	0.0	17.0	0.0	28.0	57.0	2.0	0.0	60.0	11.0	0.0	0.0	0.0	106.0	0.0	0.0	0.0	0.0	0.0	0.0	0.0	0.0	0.0	0.0	0.0	0.0	0.0	0.0	0.0	0.0	0.0	0.0	0.0
ASV_1121	0.0	0.0	0.0	0.0	0.0	0.0	63.0	0.0	0.0	0.0	0.0	0.0	0.0	0.0	0.0	0.0	0.0	0.0	0.0	59.0	0.0	0.0	0.0	3.0	0.0	0.0	60.0	41.0	4.0	0.0	3.0	0.0	62.0	7.0	0.0	4.0
ASV_1124	0.0	0.0	0.0	0.0	0.0	0.0	0.0	80.0	0.0	39.0	0.0	0.0	68.0	0.0	0.0	0.0	0.0	0.0	0.0	0.0	0.0	0.0	40.0	0.0	0.0	0.0	0.0	0.0	0.0	0.0	0.0	77.0	0.0	0.0	0.0	0.0
ASV_1125	0.0	0.0	0.0	0.0	85.0	0.0	0.0	0.0	0.0	0.0	0.0	0.0	0.0	0.0	0.0	0.0	0.0	9.0	0.0	0.0	0.0	95.0	0.0	0.0	67.0	0.0	0.0	0.0	0.0	48.0	0.0	0.0	0.0	0.0	0.0	0.0
ASV_1126	0.0	0.0	3.0	0.0	69.0	4.0	0.0	4.0	22.0	3.0	0.0	14.0	4.0	0.0	0.0	0.0	33.0	12.0	0.0	0.0	0.0	45.0	6.0	0.0	33.0	0.0	0.0	0.0	0.0	36.0	0.0	16.0	0.0	0.0	0.0	0.0
ASV_1129	0.0	4.0	0.0	0.0	60.0	0.0	0.0	0.0	0.0	0.0	0.0	0.0	0.0	0.0	7.0	0.0	0.0	26.0	0.0	0.0	0.0	48.0	0.0	0.0	65.0	0.0	0.0	0.0	0.0	91.0	0.0	0.0	0.0	0.0	0.0	0.0
ASV_1141	13.0	25.0	7.0	0.0	44.0	0.0	0.0	0.0	8.0	0.0	0.0	3.0	0.0	0.0	43.0	0.0	9.0	6.0	0.0	0.0	0.0	57.0	0.0	0.0	17.0	35.0	0.0	0.0	0.0	21.0	0.0	0.0	0.0	0.0	10.0	0.0
ASV_1142	0.0	0.0	38.0	1.0	2.0	10.0	0.0	13.0	46.0	0.0	0.0	49.0	34.0	12.0	0.0	14.0	66.0	0.0	2.0	0.0	0.0	0.0	7.0	0.0	0.0	0.0	0.0	0.0	0.0	0.0	0.0	4.0	0.0	0.0	0.0	0.0
ASV_1143	0.0	0.0	62.0	0.0	0.0	32.0	0.0	0.0	69.0	0.0	0.0	55.0	0.0	0.0	0.0	0.0	80.0	0.0	0.0	0.0	0.0	0.0	0.0	0.0	0.0	0.0	0.0	0.0	0.0	0.0	0.0	0.0	0.0	0.0	0.0	0.0
ASV_1149	0.0	0.0	13.0	0.0	16.0	11.0	0.0	40.0	17.0	6.0	0.0	17.0	47.0	0.0	0.0	0.0	24.0	4.0	0.0	0.0	0.0	17.0	22.0	0.0	12.0	0.0	0.0	0.0	0.0	12.0	0.0	36.0	0.0	0.0	0.0	0.0
ASV_1155	0.0	0.0	10.0	0.0	0.0	23.0	0.0	42.0	27.0	4.0	0.0	22.0	34.0	0.0	0.0	0.0	65.0	0.0	0.0	0.0	0.0	0.0	20.0	0.0	4.0	0.0	0.0	0.0	0.0	0.0	0.0	39.0	0.0	0.0	0.0	0.0
ASV_1157	0.0	0.0	16.0	0.0	0.0	4.0	0.0	42.0	40.0	7.0	0.0	28.0	57.0	0.0	0.0	0.0	26.0	0.0	0.0	0.0	0.0	0.0	35.0	0.0	0.0	0.0	0.0	0.0	0.0	0.0	0.0	34.0	0.0	0.0	0.0	0.0
ASV_1163	0.0	0.0	0.0	18.0	0.0	0.0	0.0	0.0	0.0	0.0	36.0	0.0	0.0	59.0	0.0	91.0	0.0	0.0	21.0	0.0	63.0	0.0	0.0	0.0	0.0	0.0	0.0	0.0	0.0	0.0	0.0	0.0	0.0	0.0	0.0	0.0
ASV_1164	33.0	57.0	0.0	0.0	0.0	0.0	0.0	0.0	0.0	0.0	0.0	0.0	0.0	0.0	120.0	0.0	0.0	0.0	0.0	0.0	0.0	0.0	0.0	0.0	0.0	31.0	0.0	0.0	0.0	0.0	0.0	0.0	0.0	0.0	46.0	0.0
ASV_1165	0.0	0.0	0.0	0.0	73.0	0.0	0.0	0.0	0.0	0.0	0.0	0.0	0.0	0.0	0.0	4.0	0.0	12.0	0.0	0.0	0.0	69.0	0.0	0.0	68.0	0.0	0.0	0.0	0.0	61.0	0.0	0.0	0.0	0.0	0.0	0.0
ASV_1175	0.0	0.0	0.0	0.0	0.0	0.0	0.0	52.0	0.0	20.0	0.0	0.0	78.0	0.0	0.0	2.0	0.0	0.0	0.0	0.0	0.0	0.0	56.0	0.0	0.0	0.0	0.0	0.0	0.0	0.0	0.0	74.0	0.0	0.0	0.0	0.0
ASV_1194	0.0	0.0	0.0	0.0	82.0	0.0	0.0	0.0	0.0	0.0	0.0	0.0	0.0	0.0	0.0	0.0	0.0	19.0	0.0	0.0	0.0	65.0	0.0	0.0	59.0	0.0	0.0	0.0	0.0	51.0	0.0	0.0	0.0	0.0	0.0	0.0
ASV_1201	0.0	0.0	0.0	0.0	0.0	0.0	0.0	50.0	0.0	19.0	0.0	0.0	87.0	0.0	0.0	0.0	0.0	0.0	0.0	0.0	0.0	2.0	46.0	0.0	2.0	0.0	0.0	0.0	0.0	0.0	0.0	67.0	0.0	0.0	0.0	0.0
ASV_1203	0.0	0.0	0.0	0.0	0.0	0.0	0.0	38.0	0.0	0.0	0.0	0.0	37.0	0.0	0.0	0.0	0.0	0.0	0.0	0.0	0.0	0.0	34.0	0.0	0.0	0.0	0.0	0.0	0.0	0.0	0.0	163.0	0.0	0.0	0.0	0.0
ASV_1207	0.0	0.0	0.0	0.0	0.0	0.0	0.0	57.0	0.0	21.0	0.0	0.0	78.0	0.0	0.0	0.0	0.0	0.0	0.0	0.0	0.0	0.0	47.0	0.0	0.0	0.0	0.0	0.0	0.0	0.0	0.0	66.0	0.0	0.0	0.0	0.0
ASV_1208	0.0	0.0	23.0	0.0	0.0	20.0	0.0	0.0	95.0	0.0	0.0	69.0	0.0	0.0	0.0	0.0	62.0	0.0	0.0	0.0	0.0	0.0	0.0	0.0	0.0	0.0	0.0	0.0	0.0	0.0	0.0	0.0	0.0	0.0	0.0	0.0
ASV_1209	0.0	0.0	31.0	0.0	0.0	5.0	0.0	4.0	12.0	6.0	0.0	9.0	1.0	0.0	0.0	0.0	174.0	0.0	0.0	0.0	0.0	0.0	18.0	0.0	0.0	0.0	0.0	0.0	0.0	0.0	0.0	8.0	0.0	0.0	0.0	0.0
ASV_1217	40.0	32.0	0.0	0.0	0.0	0.0	0.0	0.0	0.0	0.0	0.0	0.0	0.0	0.0	97.0	0.0	0.0	0.0	0.0	0.0	0.0	0.0	0.0	0.0	0.0	41.0	0.0	0.0	0.0	0.0	0.0	0.0	0.0	0.0	54.0	0.0
ASV_1218	0.0	0.0	0.0	0.0	48.0	0.0	0.0	0.0	0.0	0.0	0.0	0.0	2.0	0.0	0.0	3.0	0.0	14.0	0.0	0.0	0.0	57.0	0.0	0.0	59.0	0.0	0.0	0.0	0.0	80.0	0.0	0.0	0.0	0.0	0.0	0.0
ASV_1231	0.0	0.0	0.0	0.0	0.0	0.0	0.0	0.0	0.0	0.0	0.0	0.0	0.0	0.0	0.0	0.0	0.0	0.0	0.0	0.0	0.0	0.0	0.0	38.0	0.0	0.0	0.0	0.0	61.0	0.0	30.0	0.0	0.0	76.0	0.0	52.0
ASV_1232	0.0	0.0	0.0	0.0	77.0	0.0	0.0	0.0	0.0	3.0	0.0	0.0	0.0	53.0	0.0	0.0	0.0	0.0	0.0	0.0	0.0	7.0	2.0	0.0	5.0	0.0	0.0	0.0	0.0	107.0	0.0	3.0	0.0	0.0	0.0	0.0
ASV_1238	0.0	3.0	0.0	0.0	21.0	0.0	0.0	16.0	0.0	5.0	0.0	0.0	23.0	2.0	4.0	0.0	4.0	25.0	0.0	0.0	0.0	49.0	28.0	0.0	30.0	0.0	0.0	0.0	0.0	29.0	0.0	15.0	0.0	0.0	0.0	0.0
ASV_1239	0.0	0.0	0.0	0.0	0.0	0.0	0.0	33.0	0.0	19.0	0.0	0.0	59.0	0.0	0.0	0.0	0.0	0.0	0.0	0.0	0.0	0.0	39.0	0.0	0.0	0.0	0.0	0.0	0.0	0.0	0.0	104.0	0.0	0.0	0.0	0.0
ASV_1240	0.0	3.0	0.0	0.0	71.0	0.0	0.0	0.0	0.0	0.0	0.0	0.0	0.0	0.0	0.0	0.0	0.0	41.0	0.0	0.0	0.0	35.0	0.0	0.0	63.0	0.0	0.0	0.0	0.0	41.0	0.0	0.0	0.0	0.0	0.0	0.0
ASV_1244	0.0	0.0	6.0	0.0	0.0	12.0	0.0	39.0	23.0	10.0	0.0	20.0	70.0	0.0	0.0	2.0	13.0	0.0	0.0	0.0	0.0	0.0	35.0	0.0	0.0	0.0	0.0	0.0	0.0	0.0	0.0	20.0	0.0	0.0	0.0	0.0
ASV_1247	0.0	0.0	0.0	0.0	0.0	0.0	32.0	0.0	0.0	0.0	0.0	0.0	0.0	0.0	0.0	0.0	0.0	0.0	0.0	29.0	0.0	0.0	0.0	10.0	0.0	0.0	59.0	38.0	7.0	0.0	9.0	0.0	44.0	16.0	0.0	5.0
ASV_1257	0.0	0.0	34.0	0.0	0.0	12.0	0.0	9.0	53.0	0.0	4.0	32.0	7.0	7.0	0.0	6.0	49.0	0.0	0.0	0.0	15.0	0.0	4.0	0.0	0.0	0.0	0.0	0.0	0.0	0.0	0.0	15.0	0.0	0.0	0.0	0.0
ASV_1259	12.0	16.0	9.0	0.0	9.0	7.0	0.0	2.0	36.0	0.0	0.0	30.0	7.0	0.0	32.0	0.0	22.0	0.0	0.0	0.0	0.0	2.0	0.0	0.0	4.0	26.0	0.0	0.0	0.0	7.0	0.0	2.0	0.0	0.0	23.0	0.0
ASV_1272	0.0	0.0	7.0	0.0	0.0	7.0	0.0	38.0	19.0	3.0	0.0	31.0	34.0	0.0	0.0	0.0	37.0	0.0	0.0	0.0	0.0	0.0	24.0	0.0	0.0	0.0	0.0	0.0	0.0	0.0	0.0	39.0	0.0	0.0	0.0	0.0
ASV_1273	0.0	0.0	0.0	0.0	0.0	0.0	0.0	0.0	0.0	0.0	0.0	0.0	0.0	0.0	0.0	0.0	0.0	0.0	0.0	0.0	0.0	0.0	0.0	0.0	0.0	0.0	0.0	0.0	0.0	0.0	0.0	239.0	0.0	0.0	0.0	0.0
ASV_1284	0.0	0.0	41.0	0.0	0.0	18.0	0.0	0.0	37.0	0.0	0.0	69.0	0.0	0.0	0.0	0.0	70.0	0.0	0.0	0.0	0.0	0.0	0.0	0.0	0.0	0.0	0.0	0.0	0.0	0.0	0.0	0.0	0.0	0.0	0.0	0.0
ASV_1285	0.0	0.0	0.0	0.0	0.0	0.0	0.0	1.0	8.0	28.0	0.0	16.0	124.0	0.0	0.0	0.0	0.0	0.0	0.0	0.0	0.0	0.0	1.0	0.0	0.0	0.0	0.0	0.0	0.0	0.0	0.0	57.0	0.0	0.0	0.0	0.0
ASV_1288	0.0	0.0	0.0	0.0	0.0	0.0	0.0	44.0	0.0	7.0	0.0	0.0	69.0	0.0	0.0	0.0	0.0	0.0	0.0	0.0	0.0	0.0	50.0	0.0	0.0	0.0	0.0	0.0	0.0	0.0	0.0	64.0	0.0	0.0	0.0	0.0
ASV_1290	0.0	0.0	2.0	0.0	0.0	6.0	0.0	54.0	0.0	10.0	0.0	11.0	43.0	0.0	0.0	0.0	5.0	0.0	0.0	0.0	0.0	0.0	44.0	0.0	0.0	0.0	0.0	0.0	0.0	0.0	0.0	57.0	0.0	0.0	0.0	0.0
ASV_1299	4.0	2.0	21.0	0.0	13.0	8.0	0.0	4.0	20.0	3.0	7.0	24.0	9.0	2.0	2.0	4.0	32.0	0.0	4.0	0.0	4.0	21.0	8.0	0.0	12.0	2.0	0.0	0.0	0.0	17.0	0.0	4.0	0.0	0.0	3.0	0.0
ASV_1301	30.0	44.0	0.0	0.0	5.0	0.0	0.0	0.0	0.0	0.0	0.0	0.0	0.0	3.0	54.0	0.0	0.0	0.0	0.0	0.0	2.0	12.0	0.0	0.0	4.0	31.0	0.0	0.0	0.0	8.0	0.0	0.0	0.0	0.0	36.0	0.0
ASV_1302	4.0	5.0	0.0	0.0	41.0	0.0	0.0	0.0	0.0	0.0	0.0	0.0	0.0	0.0	15.0	0.0	0.0	17.0	0.0	0.0	0.0	55.0	0.0	0.0	29.0	14.0	0.0	0.0	0.0	39.0	0.0	0.0	0.0	0.0	9.0	0.0
ASV_1303	0.0	0.0	0.0	0.0	65.0	0.0	0.0	0.0	0.0	0.0	0.0	0.0	0.0	0.0	0.0	0.0	0.0	0.0	0.0	0.0	0.0	43.0	0.0	0.0	24.0	0.0	0.0	0.0	0.0	95.0	0.0	0.0	0.0	0.0	0.0	0.0
ASV_1309	0.0	0.0	4.0	0.0	3.0	11.0	0.0	25.0	27.0	6.0	0.0	8.0	20.0	0.0	0.0	0.0	11.0	0.0	0.0	0.0	0.0	6.0	40.0	0.0	2.0	0.0	0.0	0.0	0.0	0.0	0.0	62.0	0.0	0.0	0.0	0.0
ASV_1312	0.0	0.0	34.0	2.0	0.0	11.0	0.0	9.0	42.0	2.0	0.0	36.0	2.0	0.0	0.0	0.0	60.0	0.0	0.0	0.0	5.0	0.0	5.0	0.0	0.0	0.0	0.0	0.0	0.0	0.0	0.0	16.0	0.0	0.0	0.0	0.0
ASV_1313	0.0	0.0	39.0	0.0	0.0	19.0	0.0	0.0	52.0	0.0	0.0	43.0	4.0	0.0	0.0	0.0	66.0	0.0	0.0	0.0	0.0	0.0	0.0	0.0	0.0	0.0	0.0	0.0	0.0	0.0	0.0	0.0	0.0	0.0	0.0	0.0
ASV_1324	0.0	0.0	0.0	0.0	0.0	0.0	0.0	51.0	0.0	5.0	0.0	0.0	52.0	0.0	0.0	0.0	0.0	0.0	0.0	0.0	0.0	0.0	41.0	0.0	0.0	0.0	0.0	0.0	0.0	0.0	0.0	69.0	0.0	0.0	0.0	0.0
ASV_1328	0.0	0.0	0.0	0.0	0.0	0.0	0.0	41.0	5.0	14.0	0.0	2.0	49.0	0.0	0.0	2.0	5.0	0.0	0.0	0.0	0.0	0.0	53.0	0.0	0.0	0.0	0.0	0.0	0.0	0.0	0.0	45.0	0.0	0.0	0.0	0.0
ASV_1334	0.0	0.0	0.0	0.0	0.0	0.0	54.0	0.0	0.0	0.0	0.0	0.0	0.0	0.0	0.0	0.0	0.0	0.0	0.0	33.0	0.0	0.0	0.0	0.0	0.0	0.0	37.0	42.0	0.0	0.0	0.0	0.0	49.0	0.0	0.0	0.0
ASV_1338	0.0	0.0	41.0	0.0	0.0	19.0	0.0	0.0	39.0	0.0	0.0	45.0	0.0	3.0	0.0	0.0	65.0	0.0	0.0	0.0	2.0	0.0	0.0	0.0	0.0	0.0	0.0	0.0	0.0	0.0	0.0	0.0	0.0	0.0	0.0	0.0
ASV_1346	0.0	0.0	0.0	0.0	0.0	0.0	0.0	59.0	0.0	6.0	0.0	0.0	65.0	2.0	0.0	3.0	0.0	0.0	0.0	0.0	0.0	2.0	34.0	0.0	0.0	0.0	0.0	0.0	0.0	0.0	0.0	41.0	0.0	0.0	0.0	0.0
ASV_1347	0.0	0.0	4.0	7.0	25.0	0.0	0.0	26.0	3.0	3.0	2.0	0.0	0.0	11.0	0.0	7.0	0.0	0.0	0.0	0.0	6.0	34.0	4.0	0.0	34.0	0.0	0.0	0.0	0.0	28.0	0.0	16.0	0.0	0.0	2.0	0.0
ASV_1353	0.0	0.0	0.0	0.0	0.0	0.0	0.0	46.0	0.0	10.0	0.0	0.0	67.0	0.0	0.0	0.0	0.0	0.0	0.0	0.0	2.0	0.0	38.0	0.0	0.0	0.0	0.0	0.0	0.0	0.0	0.0	48.0	0.0	0.0	0.0	0.0
ASV_1356	0.0	0.0	0.0	0.0	0.0	0.0	0.0	44.0	0.0	9.0	0.0	0.0	36.0	0.0	0.0	0.0	0.0	0.0	0.0	0.0	0.0	0.0	54.0	0.0	0.0	0.0	0.0	0.0	0.0	0.0	0.0	66.0	0.0	0.0	0.0	0.0
ASV_1358	0.0	0.0	0.0	0.0	19.0	0.0	0.0	26.0	0.0	6.0	0.0	0.0	37.0	0.0	0.0	0.0	0.0	7.0	0.0	0.0	0.0	24.0	28.0	0.0	18.0	0.0	0.0	0.0	0.0	28.0	0.0	16.0	0.0	0.0	0.0	0.0
ASV_1366	0.0	0.0	0.0	0.0	0.0	0.0	0.0	58.0	0.0	4.0	0.0	0.0	63.0	0.0	0.0	0.0	0.0	0.0	0.0	0.0	0.0	0.0	30.0	0.0	0.0	0.0	0.0	0.0	0.0	0.0	0.0	51.0	0.0	0.0	0.0	0.0
ASV_1376	0.0	0.0	28.0	0.0	0.0	28.0	0.0	2.0	49.0	2.0	2.0	53.0	2.0	0.0	0.0	0.0	37.0	0.0	0.0	0.0	0.0	0.0	0.0	0.0	0.0	0.0	0.0	0.0	0.0	0.0	0.0	0.0	0.0	0.0	0.0	0.0
ASV_1379	0.0	0.0	0.0	0.0	0.0	3.0	0.0	51.0	0.0	19.0	0.0	0.0	45.0	0.0	0.0	0.0	3.0	0.0	0.0	0.0	0.0	0.0	7.0	0.0	0.0	0.0	0.0	0.0	0.0	0.0	0.0	73.0	0.0	0.0	0.0	0.0
ASV_1385	0.0	0.0	2.0	0.0	60.0	0.0	0.0	0.0	3.0	0.0	0.0	3.0	0.0	0.0	0.0	0.0	5.0	9.0	0.0	0.0	0.0	55.0	0.0	0.0	46.0	0.0	0.0	0.0	0.0	17.0	0.0	0.0	0.0	0.0	0.0	0.0
ASV_1387	0.0	0.0	10.0	5.0	0.0	6.0	0.0	24.0	16.0	2.0	4.0	8.0	19.0	0.0	0.0	12.0	37.0	0.0	0.0	0.0	7.0	0.0	12.0	0.0	0.0	0.0	0.0	0.0	0.0	2.0	0.0	36.0	0.0	0.0	0.0	0.0
ASV_1400	0.0	0.0	34.0	0.0	0.0	11.0	0.0	10.0	20.0	0.0	0.0	31.0	16.0	0.0	0.0	6.0	48.0	0.0	0.0	0.0	4.0	0.0	10.0	0.0	0.0	0.0	0.0	0.0	0.0	0.0	0.0	8.0	0.0	0.0	0.0	0.0
ASV_1404	0.0	0.0	0.0	18.0	1.0	0.0	0.0	0.0	0.0	0.0	20.0	0.0	0.0	22.0	0.0	54.0	0.0	0.0	0.0	0.0	58.0	11.0	0.0	0.0	3.0	0.0	0.0	0.0	0.0	7.0	0.0	3.0	0.0	0.0	0.0	0.0
ASV_1406	2.0	0.0	0.0	0.0	64.0	0.0	0.0	0.0	6.0	0.0	0.0	3.0	0.0	0.0	0.0	0.0	6.0	6.0	0.0	0.0	0.0	52.0	0.0	0.0	33.0	2.0	0.0	0.0	0.0	22.0	0.0	0.0	0.0	0.0	0.0	0.0
ASV_1416	0.0	0.0	0.0	0.0	0.0	5.0	0.0	48.0	0.0	13.0	0.0	6.0	58.0	0.0	0.0	0.0	15.0	0.0	0.0	0.0	0.0	0.0	24.0	0.0	0.0	0.0	0.0	0.0	0.0	0.0	0.0	25.0	0.0	0.0	0.0	0.0
ASV_1418	0.0	0.0	8.0	0.0	12.0	0.0	0.0	13.0	14.0	6.0	0.0	12.0	10.0	0.0	0.0	0.0	10.0	10.0	0.0	0.0	0.0	25.0	9.0	0.0	17.0	0.0	0.0	0.0	0.0	16.0	0.0	32.0	0.0	0.0	0.0	0.0
ASV_1422	0.0	0.0	0.0	3.0	0.0	0.0	0.0	0.0	0.0	0.0	9.0	0.0	0.0	23.0	0.0	29.0	0.0	0.0	14.0	0.0	115.0	0.0	0.0	0.0	0.0	0.0	0.0	0.0	0.0	0.0	0.0	0.0	0.0	0.0	0.0	0.0
ASV_1426	15.0	28.0	8.0	0.0	2.0	3.0	0.0	6.0	6.0	0.0	0.0	14.0	3.0	0.0	19.0	0.0	19.0	0.0	0.0	0.0	0.0	0.0	8.0	0.0	0.0	38.0	0.0	0.0	0.0	0.0	0.0	0.0	0.0	0.0	23.0	0.0
ASV_1430	0.0	0.0	0.0	0.0	0.0	0.0	32.0	0.0	0.0	0.0	0.0	0.0	0.0	0.0	0.0	0.0	0.0	0.0	0.0	0.0	0.0	0.0	0.0	0.0	0.0	0.0	83.0	33.0	0.0	0.0	0.0	0.0	43.0	0.0	0.0	0.0
ASV_1431	0.0	0.0	0.0	1.0	0.0	0.0	0.0	26.0	0.0	0.0	0.0	0.0	91.0	0.0	0.0	0.0	0.0	0.0	0.0	0.0	3.0	0.0	9.0	0.0	0.0	0.0	0.0	0.0	0.0	0.0	0.0	61.0	0.0	0.0	0.0	0.0
ASV_1433	21.0	24.0	3.0	0.0	9.0	2.0	0.0	0.0	5.0	0.0	0.0	8.0	0.0	0.0	32.0	0.0	10.0	5.0	0.0	0.0	0.0	13.0	0.0	0.0	9.0	22.0	0.0	0.0	0.0	12.0	0.0	0.0	0.0	0.0	16.0	0.0
ASV_1436	0.0	0.0	0.0	0.0	65.0	0.0	0.0	0.0	0.0	0.0	0.0	0.0	0.0	0.0	0.0	0.0	0.0	7.0	0.0	0.0	0.0	22.0	0.0	0.0	51.0	0.0	0.0	0.0	0.0	45.0	0.0	0.0	0.0	0.0	0.0	0.0
ASV_1439	18.0	27.0	2.0	0.0	0.0	6.0	0.0	0.0	17.0	0.0	0.0	9.0	1.0	0.0	30.0	0.0	17.0	0.0	0.0	0.0	0.0	0.0	0.0	0.0	0.0	36.0	0.0	0.0	0.0	0.0	0.0	0.0	0.0	0.0	25.0	0.0
ASV_1450	0.0	0.0	0.0	2.0	6.0	0.0	0.0	29.0	6.0	7.0	0.0	4.0	26.0	9.0	0.0	0.0	7.0	3.0	0.0	0.0	0.0	9.0	20.0	0.0	8.0	0.0	0.0	0.0	0.0	5.0	0.0	45.0	0.0	0.0	0.0	0.0
ASV_1455	0.0	0.0	18.0	0.0	13.0	16.0	0.0	12.0	31.0	3.0	0.0	20.0	14.0	0.0	0.0	3.0	24.0	0.0	0.0	0.0	0.0	4.0	7.0	0.0	4.0	0.0	0.0	0.0	0.0	3.0	0.0	13.0	0.0	0.0	0.0	0.0
ASV_1460	0.0	0.0	2.0	0.0	0.0	0.0	0.0	23.0	0.0	13.0	0.0	6.0	42.0	0.0	0.0	0.0	2.0	0.0	0.0	0.0	0.0	0.0	54.0	0.0	0.0	0.0	0.0	0.0	0.0	0.0	0.0	41.0	0.0	0.0	0.0	0.0
ASV_1470	0.0	0.0	0.0	0.0	0.0	0.0	0.0	0.0	0.0	0.0	0.0	0.0	0.0	0.0	0.0	0.0	0.0	0.0	0.0	0.0	180.0	0.0	0.0	0.0	0.0	0.0	0.0	0.0	0.0	0.0	0.0	0.0	0.0	0.0	0.0	0.0
ASV_1471	0.0	0.0	0.0	0.0	0.0	0.0	0.0	36.0	0.0	5.0	0.0	0.0	34.0	0.0	0.0	0.0	0.0	0.0	0.0	0.0	0.0	0.0	46.0	0.0	0.0	0.0	0.0	0.0	0.0	0.0	0.0	59.0	0.0	0.0	0.0	0.0
ASV_1472	0.0	0.0	7.0	0.0	22.0	8.0	0.0	0.0	23.0	3.0	0.0	12.0	0.0	0.0	0.0	0.0	24.0	6.0	0.0	0.0	0.0	30.0	3.0	0.0	26.0	0.0	0.0	0.0	0.0	13.0	0.0	3.0	0.0	0.0	0.0	0.0
ASV_1477	0.0	0.0	3.0	0.0	46.0	8.0	0.0	0.0	46.0	0.0	0.0	19.0	0.0	0.0	0.0	0.0	35.0	2.0	0.0	0.0	0.0	7.0	0.0	0.0	6.0	0.0	0.0	0.0	0.0	6.0	0.0	0.0	0.0	0.0	0.0	0.0
ASV_1486	0.0	0.0	18.0	0.0	0.0	2.0	0.0	3.0	36.0	2.0	0.0	28.0	5.0	0.0	0.0	17.0	40.0	0.0	0.0	0.0	8.0	0.0	2.0	0.0	0.0	0.0	0.0	0.0	0.0	0.0	0.0	15.0	0.0	0.0	0.0	0.0
ASV_1489	0.0	0.0	5.0	0.0	2.0	4.0	0.0	32.0	17.0	7.0	0.0	7.0	20.0	2.0	0.0	5.0	12.0	0.0	0.0	0.0	2.0	3.0	24.0	0.0	8.0	0.0	0.0	0.0	0.0	2.0	0.0	23.0	0.0	0.0	0.0	0.0
ASV_1490	15.0	26.0	0.0	0.0	0.0	0.0	0.0	0.0	0.0	0.0	0.0	0.0	0.0	0.0	49.0	0.0	0.0	0.0	0.0	0.0	0.0	2.0	0.0	0.0	0.0	49.0	0.0	0.0	0.0	0.0	0.0	0.0	0.0	0.0	34.0	0.0
ASV_1495	0.0	0.0	0.0	0.0	0.0	0.0	39.0	0.0	0.0	0.0	0.0	0.0	0.0	0.0	0.0	0.0	0.0	0.0	0.0	38.0	0.0	0.0	0.0	0.0	0.0	0.0	7.0	52.0	0.0	0.0	11.0	0.0	28.0	0.0	0.0	0.0
ASV_1500	0.0	0.0	0.0	0.0	54.0	0.0	0.0	4.0	0.0	0.0	0.0	0.0	0.0	3.0	0.0	0.0	0.0	9.0	0.0	0.0	0.0	38.0	0.0	0.0	37.0	0.0	0.0	0.0	0.0	29.0	0.0	0.0	0.0	0.0	0.0	0.0
ASV_1502	0.0	0.0	20.0	0.0	0.0	7.0	0.0	30.0	8.0	3.0	0.0	30.0	16.0	0.0	0.0	0.0	20.0	0.0	0.0	0.0	0.0	0.0	22.0	0.0	2.0	0.0	0.0	0.0	0.0	0.0	0.0	16.0	0.0	0.0	0.0	0.0
ASV_1503	0.0	0.0	0.0	0.0	173.0	0.0	0.0	0.0	0.0	0.0	0.0	0.0	0.0	0.0	0.0	0.0	0.0	0.0	0.0	0.0	0.0	0.0	0.0	0.0	0.0	0.0	0.0	0.0	0.0	0.0	0.0	0.0	0.0	0.0	0.0	0.0
ASV_1506	0.0	0.0	0.0	0.0	0.0	0.0	0.0	29.0	0.0	14.0	0.0	0.0	58.0	0.0	0.0	0.0	0.0	0.0	0.0	0.0	0.0	0.0	23.0	0.0	0.0	0.0	0.0	0.0	0.0	0.0	0.0	49.0	0.0	0.0	0.0	0.0
ASV_1507	0.0	0.0	0.0	0.0	0.0	0.0	0.0	43.0	0.0	7.0	0.0	0.0	51.0	0.0	0.0	0.0	0.0	0.0	0.0	0.0	0.0	0.0	55.0	0.0	0.0	0.0	0.0	0.0	0.0	0.0	0.0	17.0	0.0	0.0	0.0	0.0
ASV_1510	0.0	0.0	0.0	0.0	0.0	0.0	26.0	0.0	0.0	0.0	0.0	0.0	0.0	0.0	0.0	0.0	0.0	0.0	0.0	60.0	0.0	0.0	0.0	0.0	0.0	0.0	44.0	26.0	0.0	0.0	0.0	0.0	17.0	0.0	0.0	0.0
ASV_1518	0.0	0.0	0.0	0.0	0.0	0.0	0.0	38.0	0.0	21.0	0.0	0.0	34.0	0.0	0.0	6.0	0.0	0.0	0.0	0.0	0.0	0.0	42.0	0.0	0.0	0.0	0.0	0.0	0.0	0.0	0.0	31.0	0.0	0.0	0.0	0.0
ASV_1521	16.0	34.0	0.0	0.0	0.0	0.0	0.0	0.0	0.0	0.0	0.0	0.0	0.0	0.0	34.0	0.0	0.0	0.0	0.0	0.0	0.0	0.0	0.0	0.0	0.0	38.0	0.0	0.0	0.0	0.0	0.0	0.0	0.0	0.0	49.0	0.0
ASV_1526	0.0	0.0	0.0	0.0	0.0	0.0	0.0	31.0	0.0	14.0	0.0	0.0	47.0	0.0	0.0	0.0	0.0	0.0	0.0	0.0	0.0	0.0	33.0	0.0	0.0	0.0	0.0	0.0	0.0	0.0	0.0	45.0	0.0	0.0	0.0	0.0
ASV_1534	0.0	0.0	0.0	0.0	0.0	0.0	0.0	0.0	0.0	0.0	0.0	0.0	0.0	0.0	0.0	0.0	0.0	0.0	0.0	0.0	0.0	0.0	0.0	24.0	0.0	0.0	0.0	0.0	0.0	0.0	40.0	0.0	0.0	74.0	0.0	31.0
ASV_1537	0.0	0.0	0.0	0.0	0.0	0.0	0.0	31.0	0.0	16.0	0.0	0.0	20.0	0.0	0.0	0.0	3.0	0.0	0.0	0.0	0.0	0.0	29.0	0.0	0.0	0.0	0.0	0.0	0.0	0.0	0.0	69.0	0.0	0.0	0.0	0.0
ASV_1542	0.0	0.0	0.0	0.0	0.0	0.0	22.0	0.0	0.0	0.0	0.0	0.0	0.0	0.0	0.0	0.0	0.0	0.0	0.0	25.0	0.0	0.0	0.0	0.0	0.0	0.0	48.0	45.0	0.0	0.0	0.0	0.0	27.0	0.0	0.0	0.0
ASV_1543	0.0	0.0	0.0	0.0	0.0	0.0	0.0	19.0	0.0	16.0	0.0	0.0	42.0	0.0	0.0	0.0	0.0	0.0	0.0	0.0	3.0	0.0	33.0	0.0	0.0	0.0	0.0	0.0	0.0	0.0	0.0	53.0	0.0	0.0	0.0	0.0
ASV_1544	0.0	0.0	7.0	0.0	3.0	5.0	0.0	14.0	10.0	0.0	3.0	5.0	39.0	3.0	0.0	6.0	15.0	4.0	0.0	0.0	0.0	0.0	29.0	0.0	4.0	0.0	0.0	0.0	0.0	2.0	0.0	17.0	0.0	0.0	0.0	0.0
ASV_1545	0.0	0.0	0.0	21.0	0.0	0.0	0.0	0.0	0.0	0.0	17.0	0.0	0.0	44.0	0.0	49.0	0.0	0.0	11.0	0.0	24.0	0.0	0.0	0.0	0.0	0.0	0.0	0.0	0.0	0.0	0.0	0.0	0.0	0.0	0.0	0.0
ASV_1551	0.0	0.0	0.0	0.0	0.0	0.0	0.0	41.0	0.0	5.0	0.0	0.0	43.0	0.0	0.0	0.0	0.0	0.0	0.0	0.0	3.0	3.0	39.0	0.0	0.0	0.0	0.0	0.0	0.0	0.0	0.0	31.0	0.0	0.0	0.0	0.0
ASV_1559	0.0	0.0	2.0	2.0	18.0	2.0	0.0	7.0	7.0	5.0	2.0	10.0	12.0	0.0	0.0	3.0	11.0	4.0	0.0	0.0	0.0	24.0	3.0	0.0	22.0	0.0	0.0	0.0	0.0	15.0	0.0	14.0	0.0	0.0	0.0	0.0
ASV_1562	0.0	0.0	0.0	0.0	0.0	0.0	0.0	29.0	2.0	7.0	2.0	2.0	46.0	7.0	0.0	3.0	3.0	0.0	0.0	0.0	0.0	4.0	18.0	0.0	0.0	0.0	0.0	0.0	0.0	0.0	0.0	40.0	0.0	0.0	0.0	0.0
ASV_1566	0.0	0.0	2.0	0.0	2.0	1.0	0.0	3.0	40.0	0.0	0.0	11.0	38.0	0.0	0.0	0.0	21.0	0.0	0.0	0.0	0.0	1.0	17.0	0.0	3.0	0.0	0.0	0.0	0.0	0.0	0.0	23.0	0.0	0.0	0.0	0.0
ASV_1576	32.0	39.0	0.0	0.0	0.0	0.0	0.0	0.0	0.0	0.0	0.0	0.0	0.0	0.0	52.0	0.0	0.0	0.0	0.0	0.0	0.0	0.0	0.0	0.0	0.0	20.0	0.0	0.0	0.0	0.0	0.0	0.0	0.0	0.0	18.0	0.0
ASV_1578	0.0	0.0	0.0	0.0	0.0	0.0	0.0	0.0	0.0	0.0	0.0	0.0	0.0	0.0	161.0	0.0	0.0	0.0	0.0	0.0	0.0	0.0	0.0	0.0	0.0	0.0	0.0	0.0	0.0	0.0	0.0	0.0	0.0	0.0	0.0	0.0
ASV_1581	0.0	0.0	0.0	0.0	45.0	0.0	0.0	0.0	0.0	0.0	0.0	0.0	0.0	0.0	0.0	0.0	7.0	13.0	0.0	0.0	0.0	32.0	0.0	0.0	34.0	0.0	0.0	0.0	0.0	29.0	0.0	0.0	0.0	0.0	0.0	0.0
ASV_1582	19.0	18.0	0.0	0.0	7.0	0.0	0.0	2.0	0.0	3.0	0.0	0.0	3.0	0.0	24.0	0.0	0.0	5.0	0.0	0.0	0.0	15.0	0.0	0.0	11.0	16.0	0.0	0.0	0.0	5.0	0.0	9.0	0.0	0.0	23.0	0.0
ASV_1584	0.0	0.0	13.0	5.0	0.0	11.0	0.0	1.0	23.0	0.0	4.0	32.0	17.0	10.0	0.0	27.0	0.0	0.0	0.0	0.0	16.0	0.0	0.0	0.0	0.0	0.0	0.0	0.0	0.0	0.0	0.0	0.0	0.0	0.0	0.0	0.0
ASV_1589	0.0	0.0	0.0	0.0	0.0	0.0	0.0	27.0	0.0	11.0	0.0	0.0	70.0	0.0	0.0	0.0	0.0	0.0	0.0	0.0	0.0	0.0	20.0	0.0	0.0	0.0	0.0	0.0	0.0	0.0	0.0	30.0	0.0	0.0	0.0	0.0
ASV_1593	16.0	42.0	0.0	0.0	0.0	0.0	0.0	0.0	0.0	0.0	0.0	0.0	0.0	0.0	62.0	0.0	0.0	0.0	0.0	0.0	0.0	0.0	0.0	0.0	0.0	27.0	0.0	0.0	0.0	0.0	0.0	0.0	0.0	0.0	10.0	0.0
ASV_1601	4.0	3.0	0.0	0.0	15.0	0.0	0.0	18.0	0.0	7.0	0.0	0.0	22.0	0.0	7.0	0.0	0.0	5.0	0.0	0.0	0.0	13.0	10.0	0.0	11.0	3.0	0.0	0.0	0.0	10.0	0.0	18.0	0.0	0.0	9.0	0.0
ASV_1602	0.0	0.0	0.0	0.0	0.0	0.0	0.0	0.0	0.0	0.0	0.0	0.0	0.0	0.0	0.0	0.0	0.0	0.0	0.0	0.0	0.0	0.0	0.0	0.0	0.0	0.0	0.0	0.0	0.0	150.0	0.0	5.0	0.0	0.0	0.0	0.0
ASV_1604	0.0	0.0	5.0	3.0	24.0	4.0	0.0	2.0	10.0	0.0	0.0	21.0	5.0	4.0	0.0	12.0	14.0	0.0	0.0	0.0	0.0	22.0	6.0	0.0	7.0	0.0	0.0	0.0	0.0	9.0	0.0	6.0	0.0	0.0	0.0	0.0
ASV_1609	0.0	0.0	2.0	3.0	9.0	0.0	0.0	6.0	0.0	4.0	4.0	0.0	15.0	14.0	0.0	4.0	0.0	0.0	6.0	0.0	35.0	6.0	9.0	0.0	4.0	0.0	0.0	0.0	0.0	3.0	0.0	29.0	0.0	0.0	0.0	0.0
ASV_1634	0.0	0.0	0.0	0.0	0.0	0.0	0.0	28.0	0.0	7.0	2.0	0.0	36.0	0.0	0.0	2.0	0.0	0.0	0.0	0.0	0.0	0.0	30.0	0.0	0.0	0.0	0.0	0.0	0.0	0.0	0.0	45.0	0.0	0.0	0.0	0.0
ASV_1637	0.0	0.0	0.0	0.0	11.0	0.0	0.0	20.0	0.0	6.0	0.0	0.0	26.0	0.0	0.0	0.0	0.0	3.0	0.0	0.0	0.0	12.0	12.0	0.0	16.0	0.0	0.0	0.0	0.0	9.0	0.0	34.0	0.0	0.0	0.0	0.0
ASV_1643	0.0	0.0	0.0	0.0	0.0	0.0	0.0	32.0	0.0	5.0	0.0	0.0	51.0	0.0	0.0	0.0	0.0	0.0	0.0	0.0	0.0	0.0	35.0	0.0	0.0	0.0	0.0	0.0	0.0	0.0	0.0	25.0	0.0	0.0	0.0	0.0
ASV_1654	0.0	0.0	0.0	0.0	36.0	0.0	0.0	0.0	0.0	0.0	0.0	3.0	0.0	0.0	0.0	0.0	4.0	6.0	0.0	0.0	0.0	45.0	0.0	0.0	38.0	0.0	0.0	0.0	0.0	13.0	0.0	0.0	0.0	0.0	0.0	0.0
ASV_1656	0.0	0.0	18.0	5.0	2.0	4.0	0.0	10.0	20.0	0.0	3.0	11.0	6.0	7.0	0.0	8.0	17.0	0.0	0.0	0.0	4.0	0.0	6.0	0.0	2.0	0.0	0.0	0.0	0.0	2.0	0.0	20.0	0.0	0.0	0.0	0.0
ASV_1660	0.0	0.0	0.0	0.0	25.0	0.0	0.0	0.0	0.0	0.0	0.0	0.0	0.0	0.0	0.0	1.0	0.0	21.0	0.0	0.0	0.0	42.0	0.0	0.0	26.0	0.0	0.0	0.0	0.0	29.0	0.0	0.0	0.0	0.0	0.0	0.0
ASV_1665	0.0	0.0	4.0	0.0	0.0	0.0	0.0	14.0	0.0	4.0	0.0	0.0	22.0	0.0	0.0	0.0	2.0	0.0	0.0	0.0	0.0	0.0	71.0	0.0	0.0	0.0	0.0	0.0	0.0	0.0	0.0	26.0	0.0	0.0	0.0	0.0
ASV_1666	0.0	2.0	0.0	0.0	0.0	0.0	0.0	30.0	0.0	14.0	0.0	0.0	35.0	3.0	0.0	0.0	0.0	0.0	0.0	0.0	0.0	0.0	25.0	0.0	0.0	0.0	0.0	0.0	0.0	0.0	0.0	34.0	0.0	0.0	0.0	0.0
ASV_1668	0.0	0.0	15.0	0.0	0.0	24.0	0.0	0.0	26.0	0.0	0.0	39.0	0.0	0.0	0.0	0.0	39.0	0.0	0.0	0.0	0.0	0.0	0.0	0.0	0.0	0.0	0.0	0.0	0.0	0.0	0.0	0.0	0.0	0.0	0.0	0.0
ASV_1678	0.0	0.0	4.0	0.0	21.0	0.0	0.0	0.0	8.0	0.0	0.0	4.0	2.0	0.0	0.0	0.0	10.0	6.0	0.0	0.0	0.0	37.0	0.0	0.0	18.0	0.0	0.0	0.0	0.0	28.0	0.0	2.0	0.0	0.0	0.0	0.0
ASV_1679	0.0	0.0	6.0	0.0	0.0	3.0	0.0	33.0	2.0	5.0	0.0	8.0	24.0	0.0	0.0	0.0	4.0	0.0	0.0	0.0	0.0	0.0	20.0	0.0	0.0	0.0	0.0	0.0	0.0	0.0	0.0	35.0	0.0	0.0	0.0	0.0
ASV_1689	0.0	0.0	0.0	0.0	0.0	0.0	0.0	14.0	0.0	0.0	0.0	0.0	50.0	0.0	0.0	0.0	0.0	0.0	0.0	0.0	0.0	0.0	24.0	0.0	0.0	0.0	0.0	0.0	0.0	0.0	0.0	51.0	0.0	0.0	0.0	0.0
ASV_1694	0.0	0.0	0.0	6.0	0.0	0.0	0.0	0.0	0.0	0.0	8.0	0.0	0.0	29.0	0.0	17.0	0.0	0.0	6.0	0.0	72.0	0.0	0.0	0.0	0.0	0.0	0.0	0.0	0.0	0.0	0.0	0.0	0.0	0.0	0.0	0.0
ASV_1699	0.0	0.0	13.0	0.0	4.0	7.0	0.0	9.0	22.0	4.0	0.0	16.0	16.0	0.0	0.0	0.0	23.0	0.0	0.0	0.0	0.0	0.0	4.0	0.0	2.0	0.0	0.0	0.0	0.0	0.0	0.0	17.0	0.0	0.0	0.0	0.0
ASV_1704	0.0	0.0	19.0	0.0	0.0	19.0	0.0	0.0	49.0	0.0	0.0	31.0	0.0	0.0	0.0	0.0	19.0	0.0	0.0	0.0	0.0	0.0	0.0	0.0	0.0	0.0	0.0	0.0	0.0	0.0	0.0	0.0	0.0	0.0	0.0	0.0
ASV_1712	0.0	0.0	0.0	0.0	0.0	0.0	0.0	18.0	0.0	4.0	2.0	0.0	46.0	3.0	0.0	0.0	0.0	0.0	2.0	0.0	0.0	0.0	29.0	0.0	0.0	0.0	0.0	0.0	0.0	0.0	0.0	32.0	0.0	0.0	0.0	0.0
ASV_1714	13.0	31.0	0.0	0.0	0.0	0.0	0.0	0.0	0.0	0.0	0.0	0.0	0.0	0.0	37.0	0.0	0.0	0.0	0.0	0.0	0.0	0.0	0.0	0.0	0.0	29.0	0.0	0.0	0.0	0.0	0.0	0.0	0.0	0.0	25.0	0.0
ASV_1715	0.0	0.0	0.0	0.0	0.0	0.0	0.0	0.0	0.0	0.0	0.0	0.0	0.0	0.0	0.0	0.0	0.0	0.0	0.0	0.0	0.0	32.0	0.0	0.0	0.0	0.0	0.0	0.0	0.0	103.0	0.0	0.0	0.0	0.0	0.0	0.0
ASV_1716	0.0	0.0	0.0	0.0	0.0	0.0	0.0	22.0	0.0	10.0	0.0	0.0	22.0	0.0	0.0	0.0	0.0	0.0	0.0	0.0	0.0	0.0	52.0	0.0	0.0	0.0	0.0	0.0	0.0	0.0	0.0	29.0	0.0	0.0	0.0	0.0
ASV_1717	0.0	0.0	0.0	0.0	0.0	0.0	0.0	28.0	0.0	15.0	0.0	0.0	36.0	0.0	0.0	0.0	0.0	0.0	0.0	0.0	0.0	0.0	33.0	0.0	0.0	0.0	0.0	0.0	0.0	0.0	0.0	23.0	0.0	0.0	0.0	0.0
ASV_1726	0.0	0.0	0.0	0.0	0.0	0.0	0.0	10.0	0.0	10.0	0.0	0.0	42.0	0.0	0.0	0.0	0.0	0.0	0.0	0.0	0.0	0.0	31.0	0.0	0.0	0.0	0.0	0.0	0.0	0.0	0.0	41.0	0.0	0.0	0.0	0.0
ASV_1731	0.0	0.0	0.0	0.0	0.0	0.0	0.0	26.0	0.0	8.0	0.0	0.0	33.0	0.0	0.0	0.0	0.0	0.0	0.0	0.0	0.0	0.0	19.0	0.0	0.0	0.0	0.0	0.0	0.0	0.0	0.0	47.0	0.0	0.0	0.0	0.0
ASV_1741	0.0	0.0	0.0	0.0	0.0	0.0	0.0	12.0	46.0	0.0	0.0	0.0	11.0	0.0	0.0	0.0	0.0	0.0	0.0	0.0	0.0	0.0	30.0	0.0	0.0	0.0	0.0	0.0	0.0	0.0	0.0	33.0	0.0	0.0	0.0	0.0
ASV_1757	0.0	0.0	0.0	0.0	0.0	0.0	0.0	39.0	0.0	0.0	0.0	0.0	32.0	0.0	0.0	0.0	0.0	0.0	0.0	0.0	0.0	0.0	18.0	0.0	0.0	0.0	0.0	0.0	0.0	0.0	0.0	41.0	0.0	0.0	0.0	0.0
ASV_1758	0.0	0.0	0.0	0.0	0.0	0.0	0.0	18.0	0.0	15.0	0.0	0.0	26.0	0.0	0.0	0.0	0.0	0.0	0.0	0.0	0.0	0.0	27.0	0.0	0.0	0.0	0.0	0.0	0.0	0.0	0.0	44.0	0.0	0.0	0.0	0.0
ASV_1763	0.0	0.0	0.0	0.0	0.0	0.0	0.0	0.0	0.0	0.0	0.0	0.0	0.0	129.0	0.0	0.0	0.0	0.0	0.0	0.0	0.0	0.0	0.0	0.0	0.0	0.0	0.0	0.0	0.0	0.0	0.0	0.0	0.0	0.0	0.0	0.0
ASV_1764	8.0	32.0	0.0	0.0	0.0	0.0	0.0	0.0	0.0	0.0	0.0	0.0	6.0	0.0	28.0	0.0	0.0	0.0	0.0	0.0	0.0	0.0	0.0	0.0	0.0	38.0	0.0	0.0	0.0	0.0	0.0	0.0	0.0	0.0	17.0	0.0
ASV_1765	0.0	0.0	26.0	0.0	0.0	12.0	0.0	0.0	28.0	0.0	0.0	20.0	0.0	2.0	0.0	0.0	27.0	0.0	0.0	0.0	5.0	0.0	4.0	0.0	0.0	0.0	0.0	0.0	0.0	0.0	0.0	5.0	0.0	0.0	0.0	0.0
ASV_1766	0.0	0.0	3.0	0.0	0.0	0.0	0.0	29.0	2.0	5.0	0.0	3.0	27.0	0.0	0.0	0.0	0.0	0.0	0.0	0.0	0.0	0.0	19.0	0.0	0.0	0.0	0.0	0.0	0.0	0.0	0.0	41.0	0.0	0.0	0.0	0.0
ASV_1768	0.0	0.0	0.0	4.0	0.0	4.0	0.0	19.0	0.0	4.0	2.0	1.0	20.0	11.0	0.0	10.0	3.0	0.0	4.0	0.0	1.0	0.0	28.0	0.0	0.0	0.0	0.0	0.0	0.0	3.0	0.0	14.0	0.0	0.0	0.0	0.0
ASV_1774	0.0	39.0	0.0	0.0	0.0	0.0	0.0	0.0	0.0	0.0	0.0	0.0	0.0	0.0	87.0	0.0	0.0	0.0	0.0	0.0	0.0	0.0	0.0	0.0	0.0	0.0	0.0	0.0	0.0	0.0	0.0	0.0	0.0	0.0	0.0	0.0
ASV_1777	0.0	0.0	0.0	0.0	0.0	0.0	0.0	11.0	0.0	8.0	0.0	0.0	19.0	0.0	0.0	0.0	0.0	0.0	0.0	0.0	0.0	0.0	22.0	0.0	0.0	0.0	0.0	0.0	0.0	0.0	0.0	66.0	0.0	0.0	0.0	0.0
ASV_1804	0.0	0.0	2.0	0.0	16.0	0.0	0.0	0.0	4.0	0.0	0.0	0.0	5.0	0.0	0.0	0.0	5.0	9.0	0.0	0.0	0.0	44.0	4.0	0.0	16.0	0.0	0.0	0.0	0.0	18.0	0.0	0.0	0.0	0.0	0.0	0.0
ASV_1806	0.0	0.0	0.0	0.0	0.0	0.0	9.0	0.0	0.0	0.0	0.0	0.0	0.0	0.0	0.0	0.0	0.0	0.0	0.0	16.0	0.0	0.0	0.0	14.0	0.0	0.0	10.0	14.0	11.0	0.0	13.0	0.0	11.0	17.0	0.0	8.0
ASV_1821	0.0	0.0	0.0	0.0	0.0	0.0	0.0	0.0	0.0	0.0	0.0	0.0	18.0	0.0	0.0	0.0	0.0	0.0	0.0	0.0	0.0	0.0	78.0	0.0	0.0	0.0	0.0	0.0	0.0	0.0	0.0	25.0	0.0	0.0	0.0	0.0
ASV_1828	0.0	0.0	14.0	0.0	11.0	11.0	0.0	0.0	18.0	0.0	0.0	19.0	0.0	0.0	0.0	0.0	34.0	2.0	0.0	0.0	0.0	5.0	0.0	0.0	6.0	0.0	0.0	0.0	0.0	0.0	0.0	0.0	0.0	0.0	0.0	0.0
ASV_1829	0.0	0.0	1.0	0.0	0.0	0.0	0.0	28.0	4.0	2.0	0.0	0.0	30.0	0.0	0.0	0.0	0.0	0.0	0.0	0.0	0.0	0.0	22.0	0.0	0.0	0.0	0.0	0.0	0.0	0.0	0.0	33.0	0.0	0.0	0.0	0.0
ASV_1832	25.0	29.0	0.0	0.0	0.0	0.0	0.0	0.0	0.0	0.0	0.0	0.0	0.0	0.0	37.0	0.0	0.0	0.0	0.0	0.0	0.0	0.0	0.0	0.0	0.0	21.0	0.0	0.0	0.0	0.0	0.0	0.0	0.0	0.0	7.0	0.0
ASV_1836	0.0	0.0	18.0	0.0	3.0	8.0	0.0	0.0	20.0	0.0	0.0	17.0	0.0	0.0	0.0	0.0	49.0	0.0	0.0	0.0	0.0	0.0	4.0	0.0	0.0	0.0	0.0	0.0	0.0	0.0	0.0	0.0	0.0	0.0	0.0	0.0
ASV_1837	0.0	0.0	7.0	2.0	9.0	9.0	0.0	6.0	12.0	3.0	0.0	14.0	12.0	0.0	0.0	0.0	6.0	0.0	0.0	0.0	3.0	0.0	11.0	0.0	3.0	0.0	0.0	0.0	0.0	5.0	0.0	17.0	0.0	0.0	0.0	0.0
ASV_1846	0.0	0.0	0.0	0.0	0.0	0.0	0.0	0.0	0.0	0.0	4.0	0.0	0.0	6.0	0.0	3.0	0.0	0.0	2.0	0.0	103.0	0.0	0.0	0.0	0.0	0.0	0.0	0.0	0.0	0.0	0.0	0.0	0.0	0.0	0.0	0.0
ASV_1847	0.0	0.0	0.0	0.0	24.0	0.0	0.0	0.0	0.0	0.0	0.0	0.0	0.0	0.0	0.0	0.0	0.0	5.0	0.0	0.0	0.0	29.0	0.0	0.0	34.0	0.0	0.0	0.0	0.0	26.0	0.0	0.0	0.0	0.0	0.0	0.0
ASV_1848	0.0	0.0	0.0	0.0	0.0	0.0	0.0	0.0	0.0	0.0	0.0	0.0	0.0	0.0	0.0	0.0	0.0	0.0	0.0	0.0	118.0	0.0	0.0	0.0	0.0	0.0	0.0	0.0	0.0	0.0	0.0	0.0	0.0	0.0	0.0	0.0
ASV_1849	0.0	0.0	0.0	9.0	0.0	0.0	0.0	3.0	0.0	0.0	16.0	0.0	0.0	29.0	0.0	6.0	0.0	0.0	7.0	0.0	47.0	0.0	0.0	0.0	0.0	0.0	0.0	0.0	0.0	0.0	0.0	1.0	0.0	0.0	0.0	0.0
ASV_1858	0.0	0.0	0.0	0.0	50.0	0.0	0.0	0.0	0.0	0.0	0.0	0.0	0.0	0.0	0.0	0.0	0.0	8.0	0.0	0.0	0.0	46.0	0.0	0.0	7.0	0.0	0.0	0.0	0.0	5.0	0.0	0.0	0.0	0.0	0.0	0.0
ASV_1862	0.0	0.0	4.0	0.0	6.0	4.0	0.0	20.0	12.0	4.0	0.0	9.0	9.0	0.0	0.0	2.0	10.0	2.0	0.0	0.0	0.0	7.0	6.0	0.0	2.0	0.0	0.0	0.0	0.0	3.0	0.0	16.0	0.0	0.0	0.0	0.0
ASV_1868	0.0	0.0	15.0	0.0	0.0	12.0	0.0	0.0	16.0	2.0	0.0	19.0	50.0	0.0	0.0	0.0	1.0	0.0	0.0	0.0	0.0	0.0	0.0	0.0	0.0	0.0	0.0	0.0	0.0	0.0	0.0	0.0	0.0	0.0	0.0	0.0
ASV_1869	0.0	0.0	0.0	0.0	0.0	4.0	0.0	0.0	0.0	0.0	0.0	3.0	0.0	0.0	0.0	0.0	108.0	0.0	0.0	0.0	0.0	0.0	0.0	0.0	0.0	0.0	0.0	0.0	0.0	0.0	0.0	0.0	0.0	0.0	0.0	0.0
ASV_1871	6.0	53.0	0.0	0.0	0.0	0.0	0.0	2.0	0.0	0.0	0.0	0.0	0.0	0.0	20.0	0.0	0.0	0.0	0.0	0.0	0.0	0.0	0.0	0.0	0.0	20.0	0.0	0.0	0.0	0.0	0.0	0.0	0.0	0.0	14.0	0.0
ASV_1874	0.0	0.0	32.0	0.0	0.0	12.0	0.0	0.0	18.0	0.0	0.0	23.0	0.0	0.0	0.0	0.0	30.0	0.0	0.0	0.0	0.0	0.0	0.0	0.0	0.0	0.0	0.0	0.0	0.0	0.0	0.0	0.0	0.0	0.0	0.0	0.0
ASV_1875	0.0	0.0	0.0	0.0	28.0	0.0	0.0	0.0	0.0	0.0	0.0	0.0	0.0	0.0	0.0	0.0	0.0	4.0	0.0	0.0	0.0	27.0	0.0	0.0	23.0	0.0	0.0	0.0	0.0	33.0	0.0	0.0	0.0	0.0	0.0	0.0
ASV_1882	0.0	0.0	0.0	0.0	0.0	0.0	15.0	0.0	0.0	0.0	0.0	0.0	0.0	0.0	0.0	0.0	0.0	0.0	0.0	21.0	0.0	0.0	0.0	5.0	0.0	0.0	18.0	13.0	7.0	0.0	3.0	0.0	18.0	6.0	0.0	8.0
ASV_1883	0.0	0.0	0.0	6.0	0.0	0.0	0.0	0.0	0.0	0.0	20.0	0.0	0.0	19.0	0.0	39.0	0.0	0.0	6.0	0.0	24.0	0.0	0.0	0.0	0.0	0.0	0.0	0.0	0.0	0.0	0.0	0.0	0.0	0.0	0.0	0.0
ASV_1884	0.0	0.0	10.0	0.0	0.0	13.0	0.0	6.0	11.0	3.0	0.0	27.0	11.0	0.0	0.0	0.0	19.0	0.0	0.0	0.0	0.0	0.0	7.0	0.0	0.0	0.0	0.0	0.0	0.0	0.0	0.0	7.0	0.0	0.0	0.0	0.0
ASV_1887	0.0	0.0	5.0	2.0	0.0	2.0	0.0	18.0	0.0	5.0	0.0	3.0	17.0	0.0	0.0	0.0	13.0	0.0	0.0	0.0	0.0	0.0	33.0	0.0	0.0	0.0	0.0	0.0	0.0	2.0	0.0	13.0	0.0	0.0	0.0	0.0
ASV_1891	0.0	0.0	0.0	0.0	0.0	0.0	0.0	17.0	0.0	7.0	0.0	0.0	40.0	0.0	0.0	0.0	0.0	0.0	0.0	0.0	0.0	0.0	17.0	0.0	0.0	0.0	0.0	0.0	0.0	0.0	0.0	32.0	0.0	0.0	0.0	0.0
ASV_1897	0.0	0.0	19.0	0.0	0.0	3.0	0.0	2.0	21.0	0.0	5.0	15.0	0.0	5.0	0.0	11.0	15.0	0.0	0.0	0.0	9.0	0.0	4.0	0.0	0.0	0.0	0.0	0.0	0.0	0.0	0.0	3.0	0.0	0.0	0.0	0.0
ASV_1903	0.0	0.0	19.0	0.0	0.0	11.0	0.0	1.0	16.0	0.0	0.0	25.0	0.0	0.0	0.0	0.0	26.0	0.0	0.0	0.0	2.0	0.0	0.0	0.0	0.0	0.0	0.0	0.0	0.0	0.0	0.0	11.0	0.0	0.0	0.0	0.0
ASV_1906	0.0	0.0	4.0	0.0	18.0	0.0	0.0	4.0	0.0	0.0	0.0	0.0	9.0	0.0	0.0	0.0	8.0	7.0	0.0	0.0	0.0	18.0	2.0	0.0	24.0	0.0	0.0	0.0	0.0	12.0	0.0	5.0	0.0	0.0	0.0	0.0
ASV_1918	0.0	0.0	5.0	0.0	6.0	2.0	0.0	4.0	12.0	0.0	0.0	14.0	11.0	0.0	0.0	0.0	18.0	2.0	0.0	0.0	2.0	13.0	3.0	0.0	8.0	0.0	0.0	0.0	0.0	4.0	0.0	6.0	0.0	0.0	0.0	0.0
ASV_1921	0.0	0.0	5.0	0.0	10.0	5.0	0.0	0.0	2.0	0.0	0.0	5.0	0.0	0.0	0.0	0.0	3.0	6.0	0.0	0.0	0.0	35.0	0.0	0.0	17.0	0.0	0.0	0.0	0.0	21.0	0.0	0.0	0.0	0.0	0.0	0.0
ASV_1924	0.0	0.0	0.0	0.0	0.0	0.0	0.0	0.0	0.0	0.0	0.0	0.0	0.0	108.0	0.0	0.0	0.0	0.0	0.0	0.0	0.0	0.0	0.0	0.0	0.0	0.0	0.0	0.0	0.0	0.0	0.0	0.0	0.0	0.0	0.0	0.0
ASV_1926	0.0	0.0	2.0	2.0	3.0	7.0	0.0	12.0	5.0	2.0	0.0	16.0	21.0	0.0	0.0	0.0	8.0	0.0	0.0	0.0	2.0	0.0	10.0	0.0	3.0	0.0	0.0	0.0	0.0	0.0	0.0	15.0	0.0	0.0	0.0	0.0
ASV_1930	0.0	0.0	0.0	0.0	0.0	3.0	0.0	3.0	11.0	5.0	0.0	15.0	19.0	0.0	0.0	0.0	4.0	0.0	0.0	0.0	0.0	0.0	13.0	0.0	0.0	0.0	0.0	0.0	0.0	0.0	0.0	35.0	0.0	0.0	0.0	0.0
ASV_1934	0.0	0.0	5.0	0.0	10.0	0.0	0.0	7.0	2.0	3.0	0.0	8.0	27.0	5.0	0.0	0.0	2.0	0.0	0.0	0.0	3.0	7.0	1.0	0.0	8.0	0.0	0.0	0.0	0.0	8.0	0.0	11.0	0.0	0.0	0.0	0.0
ASV_1938	15.0	0.0	0.0	0.0	21.0	0.0	0.0	0.0	0.0	0.0	0.0	0.0	0.0	0.0	30.0	0.0	0.0	0.0	0.0	0.0	0.0	14.0	0.0	0.0	19.0	0.0	0.0	0.0	0.0	8.0	0.0	0.0	0.0	0.0	0.0	0.0
ASV_1939	0.0	0.0	15.0	0.0	0.0	3.0	0.0	0.0	42.0	0.0	0.0	32.0	1.0	0.0	2.0	0.0	12.0	0.0	0.0	0.0	0.0	0.0	0.0	0.0	0.0	0.0	0.0	0.0	0.0	0.0	0.0	0.0	0.0	0.0	0.0	0.0
ASV_1946	0.0	0.0	14.0	0.0	6.0	4.0	0.0	12.0	7.0	2.0	0.0	10.0	8.0	0.0	0.0	0.0	15.0	0.0	0.0	0.0	0.0	0.0	12.0	0.0	0.0	0.0	0.0	0.0	0.0	3.0	0.0	13.0	0.0	0.0	0.0	0.0
ASV_1955	0.0	0.0	0.0	0.0	21.0	3.0	0.0	0.0	9.0	0.0	0.0	0.0	5.0	3.0	0.0	4.0	0.0	2.0	0.0	0.0	2.0	27.0	0.0	0.0	14.0	0.0	0.0	0.0	0.0	11.0	0.0	4.0	0.0	0.0	0.0	0.0
ASV_1956	0.0	0.0	0.0	0.0	0.0	0.0	0.0	20.0	0.0	8.0	0.0	0.0	13.0	0.0	0.0	0.0	0.0	0.0	0.0	0.0	0.0	0.0	22.0	0.0	0.0	0.0	0.0	0.0	0.0	0.0	0.0	42.0	0.0	0.0	0.0	0.0
ASV_1958	0.0	0.0	0.0	0.0	0.0	0.0	0.0	15.0	0.0	4.0	0.0	0.0	30.0	0.0	0.0	0.0	0.0	0.0	0.0	0.0	0.0	0.0	26.0	0.0	0.0	0.0	0.0	0.0	0.0	0.0	0.0	30.0	0.0	0.0	0.0	0.0
ASV_1961	0.0	0.0	0.0	0.0	0.0	0.0	0.0	0.0	0.0	0.0	0.0	0.0	0.0	0.0	0.0	0.0	0.0	0.0	0.0	0.0	0.0	0.0	0.0	0.0	0.0	0.0	0.0	0.0	0.0	0.0	0.0	104.0	0.0	0.0	0.0	0.0
ASV_1965	0.0	0.0	0.0	8.0	0.0	0.0	0.0	0.0	0.0	0.0	12.0	0.0	0.0	34.0	0.0	23.0	0.0	0.0	6.0	0.0	21.0	0.0	0.0	0.0	0.0	0.0	0.0	0.0	0.0	0.0	0.0	0.0	0.0	0.0	0.0	0.0
ASV_1966	0.0	0.0	0.0	0.0	17.0	0.0	0.0	13.0	0.0	4.0	0.0	0.0	10.0	0.0	0.0	0.0	0.0	3.0	0.0	0.0	0.0	19.0	5.0	0.0	14.0	0.0	0.0	0.0	0.0	7.0	0.0	12.0	0.0	0.0	0.0	0.0
ASV_1970	0.0	0.0	14.0	0.0	8.0	6.0	0.0	0.0	17.0	0.0	0.0	20.0	0.0	0.0	0.0	0.0	34.0	0.0	0.0	0.0	0.0	3.0	0.0	0.0	0.0	0.0	0.0	0.0	0.0	2.0	0.0	0.0	0.0	0.0	0.0	0.0
ASV_1984	0.0	0.0	8.0	0.0	0.0	7.0	0.0	3.0	24.0	0.0	4.0	17.0	0.0	6.0	0.0	4.0	22.0	0.0	0.0	0.0	5.0	0.0	0.0	0.0	0.0	0.0	0.0	0.0	0.0	0.0	0.0	2.0	0.0	0.0	0.0	0.0
ASV_1993	0.0	0.0	0.0	5.0	0.0	0.0	0.0	0.0	1.0	0.0	8.0	0.0	0.0	35.0	0.0	20.0	0.0	0.0	6.0	0.0	19.0	3.0	0.0	0.0	0.0	0.0	0.0	0.0	0.0	0.0	0.0	4.0	0.0	0.0	0.0	0.0
ASV_1994	0.0	0.0	0.0	13.0	0.0	0.0	0.0	0.0	0.0	0.0	4.0	0.0	0.0	12.0	0.0	18.0	0.0	0.0	2.0	0.0	52.0	0.0	0.0	0.0	0.0	0.0	0.0	0.0	0.0	0.0	0.0	0.0	0.0	0.0	0.0	0.0
ASV_1998	0.0	0.0	0.0	0.0	0.0	0.0	0.0	0.0	0.0	0.0	0.0	0.0	0.0	0.0	0.0	0.0	0.0	0.0	0.0	3.0	0.0	0.0	0.0	31.0	0.0	0.0	0.0	0.0	30.0	0.0	37.0	0.0	0.0	0.0	0.0	0.0
ASV_2001	0.0	0.0	0.0	13.0	0.0	0.0	0.0	0.0	0.0	0.0	7.0	0.0	0.0	43.0	0.0	15.0	0.0	0.0	0.0	0.0	22.0	0.0	0.0	0.0	0.0	0.0	0.0	0.0	0.0	0.0	0.0	0.0	0.0	0.0	0.0	0.0
ASV_2006	0.0	0.0	0.0	0.0	16.0	0.0	0.0	0.0	0.0	0.0	0.0	0.0	0.0	0.0	0.0	0.0	0.0	9.0	0.0	0.0	0.0	32.0	0.0	0.0	26.0	0.0	0.0	0.0	0.0	17.0	0.0	0.0	0.0	0.0	0.0	0.0
ASV_2016	0.0	0.0	13.0	0.0	2.0	4.0	0.0	13.0	13.0	4.0	0.0	8.0	3.0	2.0	0.0	0.0	7.0	2.0	0.0	0.0	0.0	3.0	5.0	0.0	0.0	0.0	0.0	0.0	0.0	0.0	0.0	20.0	0.0	0.0	0.0	0.0
ASV_2026	0.0	0.0	0.0	0.0	0.0	0.0	0.0	6.0	0.0	6.0	12.0	0.0	0.0	0.0	0.0	50.0	22.0	0.0	0.0	0.0	0.0	0.0	0.0	0.0	0.0	0.0	0.0	0.0	0.0	0.0	0.0	0.0	0.0	2.0	0.0	0.0
ASV_2027	0.0	0.0	2.0	2.0	0.0	0.0	0.0	9.0	0.0	0.0	0.0	0.0	29.0	1.0	0.0	36.0	0.0	0.0	0.0	0.0	4.0	0.0	9.0	0.0	0.0	0.0	0.0	0.0	0.0	0.0	0.0	6.0	0.0	0.0	0.0	0.0
ASV_2057	0.0	0.0	0.0	0.0	0.0	0.0	0.0	0.0	0.0	0.0	0.0	0.0	0.0	0.0	0.0	0.0	0.0	0.0	0.0	0.0	0.0	0.0	0.0	0.0	0.0	0.0	0.0	0.0	47.0	0.0	50.0	0.0	0.0	0.0	0.0	0.0
ASV_2068	0.0	0.0	0.0	5.0	3.0	0.0	0.0	6.0	1.0	0.0	4.0	0.0	3.0	16.0	0.0	35.0	6.0	0.0	0.0	0.0	9.0	3.0	0.0	0.0	0.0	0.0	0.0	0.0	0.0	0.0	0.0	5.0	0.0	0.0	0.0	0.0
ASV_2070	0.0	0.0	0.0	0.0	0.0	0.0	0.0	0.0	0.0	0.0	0.0	0.0	0.0	0.0	0.0	0.0	0.0	0.0	0.0	0.0	0.0	0.0	0.0	0.0	0.0	0.0	0.0	0.0	0.0	0.0	0.0	96.0	0.0	0.0	0.0	0.0
ASV_2074	0.0	0.0	20.0	0.0	0.0	13.0	0.0	0.0	13.0	0.0	0.0	30.0	0.0	0.0	0.0	0.0	20.0	0.0	0.0	0.0	0.0	0.0	0.0	0.0	0.0	0.0	0.0	0.0	0.0	0.0	0.0	0.0	0.0	0.0	0.0	0.0
ASV_2076	13.0	20.0	0.0	0.0	0.0	0.0	0.0	0.0	0.0	0.0	0.0	0.0	0.0	0.0	25.0	0.0	0.0	0.0	0.0	0.0	0.0	0.0	0.0	0.0	0.0	16.0	0.0	0.0	0.0	0.0	0.0	0.0	0.0	0.0	21.0	0.0
ASV_2088	0.0	7.0	5.0	0.0	0.0	9.0	0.0	0.0	27.0	0.0	0.0	12.0	0.0	0.0	7.0	0.0	17.0	0.0	0.0	0.0	0.0	0.0	0.0	0.0	0.0	8.0	0.0	0.0	0.0	0.0	0.0	0.0	0.0	0.0	2.0	0.0
ASV_2096	0.0	0.0	16.0	0.0	0.0	10.0	0.0	0.0	5.0	0.0	0.0	19.0	10.0	0.0	0.0	0.0	29.0	0.0	0.0	0.0	0.0	0.0	5.0	0.0	0.0	0.0	0.0	0.0	0.0	0.0	0.0	0.0	0.0	0.0	0.0	0.0
ASV_2098	0.0	0.0	0.0	20.0	0.0	0.0	0.0	0.0	0.0	0.0	73.0	0.0	0.0	0.0	0.0	0.0	0.0	0.0	0.0	0.0	0.0	0.0	0.0	0.0	0.0	0.0	0.0	0.0	0.0	0.0	0.0	0.0	0.0	0.0	0.0	0.0
ASV_2106	0.0	0.0	0.0	5.0	0.0	0.0	0.0	0.0	0.0	0.0	0.0	0.0	0.0	88.0	0.0	0.0	0.0	0.0	0.0	0.0	0.0	0.0	0.0	0.0	0.0	0.0	0.0	0.0	0.0	0.0	0.0	0.0	0.0	0.0	0.0	0.0
ASV_2113	3.0	50.0	0.0	0.0	0.0	0.0	0.0	0.0	0.0	0.0	0.0	0.0	0.0	0.0	25.0	0.0	0.0	0.0	0.0	0.0	0.0	0.0	0.0	0.0	0.0	4.0	0.0	0.0	0.0	0.0	0.0	0.0	0.0	0.0	11.0	0.0
ASV_2115	0.0	0.0	4.0	0.0	13.0	9.0	0.0	7.0	5.0	0.0	0.0	14.0	1.0	0.0	0.0	2.0	7.0	0.0	0.0	0.0	0.0	5.0	9.0	0.0	6.0	0.0	0.0	0.0	0.0	2.0	0.0	8.0	0.0	0.0	0.0	0.0
ASV_2116	0.0	0.0	0.0	0.0	0.0	0.0	0.0	0.0	0.0	0.0	0.0	0.0	0.0	0.0	0.0	0.0	0.0	63.0	0.0	0.0	0.0	27.0	0.0	0.0	2.0	0.0	0.0	0.0	0.0	0.0	0.0	0.0	0.0	0.0	0.0	0.0
ASV_2120	0.0	0.0	0.0	0.0	23.0	0.0	0.0	0.0	0.0	0.0	0.0	0.0	0.0	0.0	8.0	0.0	0.0	6.0	0.0	0.0	0.0	27.0	0.0	0.0	13.0	0.0	0.0	0.0	0.0	15.0	0.0	0.0	0.0	0.0	0.0	0.0
ASV_2121	0.0	0.0	11.0	0.0	0.0	12.0	0.0	0.0	23.0	0.0	0.0	15.0	0.0	0.0	0.0	0.0	31.0	0.0	0.0	0.0	0.0	0.0	0.0	0.0	0.0	0.0	0.0	0.0	0.0	0.0	0.0	0.0	0.0	0.0	0.0	0.0
ASV_2123	15.0	13.0	0.0	0.0	0.0	0.0	0.0	0.0	0.0	0.0	0.0	0.0	0.0	0.0	29.0	0.0	0.0	0.0	0.0	0.0	0.0	0.0	0.0	0.0	0.0	23.0	0.0	0.0	0.0	0.0	0.0	0.0	0.0	0.0	12.0	0.0
ASV_2129	0.0	0.0	20.0	0.0	0.0	9.0	0.0	0.0	22.0	0.0	0.0	26.0	2.0	0.0	0.0	0.0	12.0	0.0	0.0	0.0	0.0	0.0	0.0	0.0	0.0	0.0	0.0	0.0	0.0	0.0	0.0	0.0	0.0	0.0	0.0	0.0
ASV_2131	0.0	0.0	0.0	0.0	0.0	0.0	0.0	20.0	0.0	13.0	0.0	0.0	23.0	0.0	0.0	0.0	0.0	0.0	0.0	0.0	0.0	0.0	20.0	0.0	0.0	0.0	0.0	0.0	0.0	0.0	0.0	15.0	0.0	0.0	0.0	0.0
ASV_2137	0.0	0.0	9.0	0.0	7.0	6.0	0.0	0.0	7.0	0.0	0.0	17.0	0.0	0.0	3.0	0.0	19.0	0.0	0.0	0.0	0.0	17.0	0.0	0.0	2.0	0.0	0.0	0.0	0.0	4.0	0.0	0.0	0.0	0.0	0.0	0.0
ASV_2160	0.0	0.0	0.0	0.0	0.0	0.0	0.0	19.0	0.0	8.0	0.0	0.0	18.0	0.0	0.0	0.0	0.0	0.0	0.0	0.0	0.0	0.0	26.0	0.0	0.0	0.0	0.0	0.0	0.0	0.0	0.0	18.0	0.0	0.0	0.0	0.0
ASV_2161	0.0	0.0	0.0	5.0	0.0	0.0	0.0	0.0	0.0	0.0	0.0	0.0	0.0	0.0	0.0	0.0	0.0	0.0	0.0	0.0	84.0	0.0	0.0	0.0	0.0	0.0	0.0	0.0	0.0	0.0	0.0	0.0	0.0	0.0	0.0	0.0
ASV_2186	0.0	0.0	0.0	0.0	1.0	0.0	0.0	13.0	4.0	2.0	0.0	0.0	10.0	2.0	0.0	9.0	0.0	0.0	0.0	0.0	4.0	0.0	21.0	0.0	0.0	2.0	0.0	0.0	0.0	0.0	0.0	20.0	0.0	0.0	0.0	0.0
ASV_2189	0.0	0.0	0.0	0.0	0.0	0.0	10.0	0.0	0.0	0.0	0.0	0.0	0.0	0.0	0.0	0.0	0.0	0.0	0.0	5.0	0.0	0.0	0.0	6.0	0.0	0.0	18.0	9.0	5.0	0.0	9.0	0.0	11.0	9.0	0.0	6.0
ASV_2192	0.0	0.0	0.0	6.0	0.0	0.0	0.0	0.0	0.0	0.0	10.0	0.0	3.0	16.0	0.0	20.0	3.0	0.0	4.0	0.0	25.0	0.0	0.0	0.0	0.0	0.0	0.0	0.0	0.0	0.0	0.0	0.0	0.0	0.0	0.0	0.0
ASV_2195	0.0	0.0	6.0	0.0	0.0	9.0	0.0	3.0	21.0	0.0	0.0	20.0	0.0	0.0	0.0	0.0	13.0	0.0	0.0	0.0	0.0	0.0	4.0	0.0	0.0	0.0	0.0	0.0	0.0	2.0	0.0	9.0	0.0	0.0	0.0	0.0
ASV_2197	0.0	0.0	0.0	0.0	0.0	0.0	0.0	23.0	0.0	4.0	0.0	0.0	18.0	0.0	0.0	0.0	0.0	0.0	0.0	0.0	0.0	0.0	18.0	0.0	0.0	0.0	0.0	0.0	0.0	0.0	0.0	24.0	0.0	0.0	0.0	0.0
ASV_2205	0.0	0.0	4.0	0.0	0.0	2.0	0.0	11.0	4.0	2.0	0.0	0.0	33.0	0.0	0.0	0.0	6.0	0.0	0.0	0.0	0.0	0.0	4.0	0.0	4.0	0.0	0.0	0.0	0.0	0.0	0.0	16.0	0.0	0.0	0.0	0.0
ASV_2212	0.0	0.0	2.0	0.0	0.0	0.0	0.0	20.0	0.0	5.0	0.0	0.0	22.0	2.0	0.0	0.0	0.0	0.0	0.0	0.0	0.0	0.0	18.0	0.0	0.0	0.0	0.0	0.0	0.0	0.0	0.0	17.0	0.0	0.0	0.0	0.0
ASV_2216	0.0	9.0	0.0	0.0	13.0	0.0	0.0	0.0	0.0	0.0	0.0	0.0	0.0	0.0	8.0	0.0	0.0	3.0	0.0	0.0	0.0	14.0	0.0	0.0	6.0	7.0	0.0	0.0	0.0	12.0	0.0	0.0	0.0	0.0	14.0	0.0
ASV_2224	0.0	0.0	3.0	0.0	0.0	0.0	0.0	8.0	5.0	3.0	0.0	0.0	20.0	0.0	0.0	0.0	0.0	0.0	0.0	0.0	0.0	0.0	20.0	0.0	0.0	0.0	0.0	0.0	0.0	0.0	0.0	26.0	0.0	0.0	0.0	0.0
ASV_2231	3.0	4.0	3.0	0.0	11.0	0.0	0.0	0.0	0.0	0.0	0.0	2.0	16.0	0.0	2.0	0.0	8.0	4.0	0.0	0.0	1.0	1.0	2.0	0.0	5.0	5.0	0.0	0.0	0.0	6.0	0.0	9.0	0.0	0.0	2.0	0.0
ASV_2235	0.0	0.0	4.0	0.0	11.0	0.0	0.0	8.0	0.0	0.0	0.0	2.0	15.0	0.0	0.0	0.0	3.0	0.0	0.0	0.0	0.0	15.0	8.0	0.0	7.0	0.0	0.0	0.0	0.0	5.0	0.0	6.0	0.0	0.0	0.0	0.0
ASV_2253	0.0	0.0	0.0	0.0	0.0	0.0	0.0	0.0	0.0	0.0	0.0	0.0	0.0	0.0	0.0	0.0	0.0	0.0	0.0	0.0	0.0	0.0	0.0	9.0	0.0	0.0	0.0	0.0	14.0	0.0	15.0	0.0	3.0	25.0	0.0	17.0
ASV_2256	0.0	0.0	0.0	0.0	0.0	0.0	0.0	14.0	0.0	2.0	0.0	0.0	27.0	0.0	0.0	0.0	0.0	0.0	0.0	0.0	0.0	0.0	17.0	0.0	0.0	0.0	0.0	0.0	0.0	0.0	0.0	23.0	0.0	0.0	0.0	0.0
ASV_2260	0.0	0.0	0.0	2.0	0.0	0.0	0.0	0.0	0.0	0.0	0.0	0.0	0.0	0.0	0.0	0.0	0.0	0.0	0.0	0.0	80.0	0.0	0.0	0.0	0.0	0.0	0.0	0.0	0.0	0.0	0.0	0.0	0.0	0.0	0.0	0.0
ASV_2262	11.0	14.0	0.0	0.0	9.0	0.0	0.0	0.0	0.0	0.0	0.0	0.0	0.0	0.0	13.0	0.0	0.0	0.0	0.0	0.0	0.0	3.0	0.0	0.0	0.0	15.0	0.0	0.0	0.0	3.0	0.0	0.0	0.0	0.0	14.0	0.0
ASV_2273	0.0	0.0	0.0	0.0	0.0	0.0	37.0	0.0	0.0	0.0	0.0	0.0	0.0	0.0	0.0	0.0	0.0	0.0	0.0	0.0	0.0	0.0	0.0	0.0	0.0	0.0	29.0	15.0	0.0	0.0	0.0	0.0	0.0	0.0	0.0	0.0
ASV_2274	0.0	0.0	0.0	0.0	0.0	0.0	0.0	11.0	0.0	0.0	0.0	0.0	26.0	0.0	0.0	0.0	0.0	0.0	0.0	0.0	0.0	0.0	11.0	0.0	0.0	0.0	0.0	0.0	0.0	0.0	0.0	33.0	0.0	0.0	0.0	0.0
ASV_2275	0.0	0.0	0.0	3.0	0.0	0.0	0.0	0.0	0.0	0.0	6.0	0.0	0.0	18.0	0.0	0.0	0.0	0.0	4.0	0.0	50.0	0.0	0.0	0.0	0.0	0.0	0.0	0.0	0.0	0.0	0.0	0.0	0.0	0.0	0.0	0.0
ASV_2284	0.0	0.0	0.0	16.0	0.0	0.0	0.0	0.0	0.0	0.0	16.0	0.0	0.0	13.0	0.0	21.0	0.0	0.0	0.0	0.0	15.0	0.0	0.0	0.0	0.0	0.0	0.0	0.0	0.0	0.0	0.0	0.0	0.0	0.0	0.0	0.0
ASV_2296	0.0	0.0	0.0	0.0	0.0	0.0	0.0	10.0	0.0	11.0	0.0	0.0	39.0	0.0	0.0	0.0	0.0	0.0	0.0	0.0	0.0	0.0	0.0	0.0	0.0	0.0	0.0	0.0	0.0	0.0	0.0	20.0	0.0	0.0	0.0	0.0
ASV_2298	0.0	0.0	0.0	0.0	1.0	0.0	0.0	19.0	5.0	10.0	0.0	0.0	23.0	0.0	0.0	3.0	6.0	0.0	0.0	0.0	0.0	0.0	7.0	0.0	0.0	0.0	0.0	0.0	0.0	0.0	0.0	6.0	0.0	0.0	0.0	0.0
ASV_2303	0.0	0.0	15.0	0.0	0.0	7.0	0.0	6.0	13.0	0.0	0.0	18.0	7.0	0.0	0.0	0.0	10.0	0.0	0.0	0.0	0.0	0.0	3.0	0.0	0.0	0.0	0.0	0.0	0.0	0.0	0.0	1.0	0.0	0.0	0.0	0.0
ASV_2307	6.0	23.0	0.0	0.0	0.0	0.0	0.0	0.0	0.0	0.0	0.0	0.0	0.0	0.0	20.0	0.0	0.0	0.0	0.0	0.0	0.0	0.0	0.0	0.0	0.0	11.0	0.0	0.0	0.0	0.0	0.0	0.0	0.0	0.0	20.0	0.0
ASV_2311	2.0	0.0	0.0	0.0	4.0	0.0	0.0	14.0	0.0	5.0	0.0	3.0	6.0	0.0	0.0	0.0	0.0	5.0	0.0	0.0	0.0	7.0	6.0	0.0	7.0	0.0	0.0	0.0	0.0	8.0	0.0	12.0	0.0	0.0	0.0	0.0
ASV_2313	14.0	22.0	0.0	0.0	0.0	0.0	0.0	0.0	0.0	0.0	0.0	0.0	0.0	0.0	8.0	0.0	0.0	0.0	0.0	0.0	0.0	0.0	0.0	0.0	0.0	16.0	0.0	0.0	0.0	0.0	0.0	0.0	0.0	0.0	19.0	0.0
ASV_2314	0.0	0.0	0.0	0.0	0.0	0.0	12.0	0.0	0.0	0.0	0.0	0.0	0.0	0.0	0.0	0.0	0.0	0.0	0.0	22.0	0.0	0.0	0.0	0.0	0.0	0.0	18.0	14.0	0.0	0.0	0.0	0.0	13.0	0.0	0.0	0.0
ASV_2315	0.0	0.0	13.0	4.0	0.0	3.0	0.0	0.0	4.0	0.0	3.0	6.0	0.0	0.0	0.0	0.0	40.0	0.0	0.0	0.0	6.0	0.0	0.0	0.0	0.0	0.0	0.0	0.0	0.0	0.0	0.0	0.0	0.0	0.0	0.0	0.0
ASV_2316	0.0	0.0	0.0	0.0	5.0	0.0	0.0	17.0	0.0	0.0	0.0	0.0	18.0	0.0	0.0	0.0	0.0	2.0	0.0	0.0	0.0	2.0	10.0	0.0	0.0	0.0	0.0	0.0	0.0	8.0	0.0	17.0	0.0	0.0	0.0	0.0
ASV_2325	0.0	0.0	5.0	2.0	0.0	0.0	0.0	5.0	14.0	2.0	0.0	12.0	13.0	2.0	0.0	0.0	13.0	0.0	0.0	0.0	5.0	0.0	2.0	0.0	0.0	0.0	0.0	0.0	0.0	0.0	0.0	4.0	0.0	0.0	0.0	0.0
ASV_2328	0.0	0.0	0.0	0.0	19.0	0.0	0.0	0.0	0.0	0.0	0.0	0.0	0.0	0.0	0.0	0.0	0.0	0.0	0.0	0.0	0.0	55.0	0.0	0.0	0.0	0.0	0.0	0.0	0.0	4.0	0.0	0.0	0.0	0.0	0.0	0.0
ASV_2330	3.0	0.0	2.0	0.0	3.0	4.0	0.0	0.0	2.0	0.0	0.0	3.0	0.0	0.0	5.0	0.0	6.0	8.0	0.0	0.0	2.0	13.0	0.0	0.0	17.0	5.0	0.0	0.0	0.0	5.0	0.0	0.0	0.0	0.0	0.0	0.0
ASV_2334	0.0	0.0	32.0	0.0	0.0	6.0	0.0	0.0	13.0	0.0	0.0	15.0	0.0	0.0	0.0	0.0	12.0	0.0	0.0	0.0	0.0	0.0	0.0	0.0	0.0	0.0	0.0	0.0	0.0	0.0	0.0	0.0	0.0	0.0	0.0	0.0
ASV_2351	0.0	0.0	37.0	0.0	0.0	15.0	0.0	0.0	0.0	0.0	0.0	22.0	0.0	0.0	0.0	0.0	3.0	0.0	0.0	0.0	0.0	0.0	0.0	0.0	0.0	0.0	0.0	0.0	0.0	0.0	0.0	0.0	0.0	0.0	0.0	0.0
ASV_2352	0.0	0.0	0.0	0.0	0.0	0.0	23.0	0.0	0.0	0.0	0.0	0.0	0.0	0.0	0.0	0.0	0.0	0.0	0.0	2.0	0.0	0.0	0.0	0.0	0.0	0.0	20.0	0.0	0.0	0.0	3.0	0.0	20.0	0.0	0.0	9.0
ASV_2354	0.0	0.0	8.0	2.0	2.0	9.0	0.0	0.0	44.0	0.0	0.0	7.0	0.0	0.0	0.0	0.0	2.0	0.0	0.0	0.0	0.0	3.0	0.0	0.0	0.0	0.0	0.0	0.0	0.0	0.0	0.0	0.0	0.0	0.0	0.0	0.0
ASV_2361	0.0	0.0	0.0	0.0	0.0	0.0	0.0	26.0	0.0	4.0	0.0	0.0	12.0	0.0	0.0	2.0	0.0	0.0	0.0	0.0	0.0	0.0	12.0	0.0	0.0	0.0	0.0	0.0	0.0	0.0	0.0	21.0	0.0	0.0	0.0	0.0
ASV_2381	0.0	0.0	0.0	6.0	0.0	0.0	0.0	0.0	0.0	0.0	12.0	0.0	0.0	19.0	0.0	8.0	0.0	0.0	9.0	0.0	21.0	0.0	0.0	0.0	0.0	0.0	0.0	0.0	0.0	0.0	0.0	0.0	0.0	0.0	0.0	0.0
ASV_2384	0.0	0.0	0.0	0.0	0.0	0.0	0.0	41.0	0.0	5.0	0.0	0.0	9.0	0.0	0.0	0.0	0.0	0.0	0.0	0.0	0.0	0.0	12.0	0.0	0.0	0.0	0.0	0.0	0.0	0.0	0.0	8.0	0.0	0.0	0.0	0.0
ASV_2395	0.0	0.0	0.0	0.0	16.0	0.0	0.0	5.0	0.0	0.0	0.0	0.0	6.0	0.0	0.0	0.0	0.0	0.0	0.0	0.0	0.0	16.0	1.0	0.0	9.0	0.0	0.0	0.0	0.0	17.0	0.0	5.0	0.0	0.0	0.0	0.0
ASV_2403	0.0	0.0	4.0	0.0	0.0	0.0	0.0	5.0	16.0	0.0	0.0	5.0	6.0	0.0	0.0	0.0	19.0	4.0	0.0	0.0	0.0	2.0	0.0	0.0	6.0	0.0	0.0	0.0	0.0	2.0	0.0	5.0	0.0	0.0	0.0	0.0
ASV_2412	0.0	0.0	0.0	0.0	12.0	0.0	0.0	0.0	0.0	0.0	0.0	0.0	5.0	0.0	0.0	0.0	0.0	7.0	0.0	0.0	0.0	18.0	0.0	0.0	16.0	0.0	0.0	0.0	0.0	11.0	0.0	5.0	0.0	0.0	0.0	0.0
ASV_2415	0.0	0.0	0.0	0.0	0.0	0.0	0.0	0.0	0.0	0.0	0.0	0.0	0.0	0.0	0.0	0.0	0.0	0.0	0.0	0.0	0.0	0.0	0.0	17.0	0.0	0.0	0.0	0.0	3.0	0.0	3.0	0.0	0.0	28.0	0.0	23.0
ASV_2424	0.0	0.0	0.0	0.0	0.0	0.0	0.0	5.0	0.0	0.0	0.0	0.0	23.0	0.0	0.0	0.0	0.0	0.0	0.0	0.0	0.0	0.0	33.0	0.0	0.0	0.0	0.0	0.0	0.0	0.0	0.0	12.0	0.0	0.0	0.0	0.0
ASV_2425	0.0	0.0	0.0	0.0	0.0	0.0	0.0	6.0	0.0	5.0	0.0	0.0	23.0	4.0	0.0	9.0	0.0	0.0	0.0	0.0	5.0	0.0	7.0	0.0	0.0	0.0	0.0	0.0	0.0	0.0	0.0	14.0	0.0	0.0	0.0	0.0
ASV_2428	0.0	0.0	0.0	0.0	0.0	0.0	0.0	18.0	0.0	2.0	0.0	0.0	8.0	8.0	0.0	7.0	2.0	0.0	0.0	0.0	0.0	0.0	14.0	0.0	0.0	0.0	0.0	0.0	0.0	0.0	0.0	14.0	0.0	0.0	0.0	0.0
ASV_2442	0.0	0.0	0.0	2.0	1.0	0.0	0.0	6.0	0.0	8.0	0.0	0.0	6.0	2.0	0.0	4.0	0.0	0.0	0.0	0.0	0.0	2.0	16.0	0.0	3.0	0.0	0.0	0.0	0.0	4.0	0.0	18.0	0.0	0.0	0.0	0.0
ASV_2449	7.0	0.0	0.0	0.0	0.0	0.0	0.0	0.0	0.0	0.0	0.0	0.0	0.0	0.0	14.0	0.0	0.0	0.0	0.0	0.0	0.0	0.0	0.0	0.0	0.0	37.0	0.0	0.0	0.0	0.0	0.0	0.0	0.0	0.0	14.0	0.0
ASV_2451	0.0	0.0	0.0	0.0	0.0	0.0	0.0	0.0	0.0	0.0	0.0	0.0	0.0	0.0	0.0	0.0	0.0	0.0	0.0	0.0	0.0	0.0	0.0	8.0	0.0	0.0	3.0	0.0	14.0	0.0	10.0	0.0	0.0	28.0	0.0	9.0
ASV_2455	0.0	0.0	13.0	0.0	3.0	3.0	0.0	3.0	4.0	0.0	0.0	11.0	4.0	0.0	0.0	0.0	8.0	0.0	0.0	0.0	0.0	4.0	2.0	0.0	3.0	2.0	0.0	0.0	0.0	0.0	0.0	9.0	0.0	0.0	3.0	0.0
ASV_2457	30.0	21.0	0.0	0.0	0.0	0.0	0.0	0.0	0.0	0.0	0.0	0.0	0.0	0.0	11.0	0.0	0.0	0.0	0.0	0.0	0.0	0.0	0.0	0.0	0.0	5.0	0.0	0.0	0.0	0.0	0.0	0.0	0.0	0.0	5.0	0.0
ASV_2459	0.0	0.0	4.0	0.0	0.0	2.0	0.0	0.0	3.0	0.0	0.0	6.0	0.0	0.0	0.0	2.0	2.0	0.0	0.0	0.0	0.0	8.0	0.0	0.0	4.0	0.0	0.0	0.0	0.0	40.0	0.0	0.0	0.0	0.0	0.0	0.0
ASV_2460	0.0	0.0	0.0	0.0	8.0	0.0	0.0	3.0	0.0	2.0	3.0	0.0	7.0	8.0	0.0	6.0	5.0	2.0	2.0	0.0	9.0	3.0	0.0	0.0	0.0	0.0	0.0	0.0	0.0	2.0	0.0	11.0	0.0	0.0	0.0	0.0
ASV_2465	0.0	0.0	0.0	0.0	0.0	0.0	0.0	0.0	0.0	0.0	0.0	0.0	0.0	0.0	0.0	0.0	0.0	0.0	0.0	0.0	71.0	0.0	0.0	0.0	0.0	0.0	0.0	0.0	0.0	0.0	0.0	0.0	0.0	0.0	0.0	0.0
ASV_2472	0.0	0.0	0.0	0.0	0.0	0.0	0.0	11.0	0.0	2.0	0.0	0.0	21.0	0.0	0.0	0.0	0.0	0.0	0.0	0.0	0.0	0.0	13.0	0.0	0.0	0.0	0.0	0.0	0.0	0.0	0.0	24.0	0.0	0.0	0.0	0.0
ASV_2473	0.0	0.0	0.0	8.0	0.0	0.0	0.0	0.0	0.0	0.0	0.0	0.0	0.0	15.0	0.0	10.0	0.0	0.0	0.0	0.0	37.0	0.0	0.0	0.0	0.0	0.0	0.0	0.0	0.0	0.0	0.0	0.0	0.0	0.0	0.0	0.0
ASV_2474	3.0	6.0	0.0	0.0	0.0	0.0	0.0	0.0	0.0	0.0	0.0	0.0	0.0	0.0	16.0	0.0	0.0	0.0	0.0	0.0	0.0	0.0	0.0	0.0	0.0	30.0	0.0	0.0	0.0	0.0	0.0	0.0	0.0	0.0	15.0	0.0
ASV_2475	0.0	0.0	3.0	0.0	0.0	18.0	0.0	0.0	6.0	0.0	0.0	14.0	0.0	0.0	0.0	0.0	29.0	0.0	0.0	0.0	0.0	0.0	0.0	0.0	0.0	0.0	0.0	0.0	0.0	0.0	0.0	0.0	0.0	0.0	0.0	0.0
ASV_2478	0.0	0.0	4.0	0.0	0.0	3.0	0.0	6.0	15.0	0.0	0.0	10.0	5.0	0.0	0.0	3.0	11.0	0.0	0.0	0.0	0.0	0.0	3.0	0.0	0.0	0.0	0.0	0.0	0.0	0.0	0.0	10.0	0.0	0.0	0.0	0.0
ASV_2485	0.0	0.0	6.0	0.0	0.0	3.0	0.0	15.0	9.0	0.0	0.0	4.0	14.0	0.0	0.0	0.0	8.0	0.0	0.0	0.0	0.0	2.0	7.0	0.0	0.0	0.0	0.0	0.0	0.0	0.0	0.0	2.0	0.0	0.0	0.0	0.0
ASV_2488	0.0	0.0	0.0	0.0	0.0	0.0	0.0	13.0	0.0	2.0	0.0	0.0	27.0	0.0	0.0	0.0	0.0	0.0	0.0	0.0	0.0	0.0	11.0	0.0	0.0	0.0	0.0	0.0	0.0	0.0	0.0	17.0	0.0	0.0	0.0	0.0
ASV_2495	0.0	0.0	18.0	0.0	0.0	4.0	0.0	0.0	11.0	0.0	0.0	21.0	5.0	0.0	0.0	0.0	4.0	0.0	0.0	0.0	0.0	0.0	6.0	0.0	0.0	0.0	0.0	0.0	0.0	0.0	0.0	0.0	0.0	0.0	0.0	0.0
ASV_2496	0.0	0.0	0.0	0.0	5.0	0.0	0.0	0.0	0.0	0.0	1.0	0.0	7.0	0.0	0.0	0.0	0.0	11.0	0.0	0.0	0.0	12.0	0.0	0.0	14.0	0.0	0.0	0.0	0.0	16.0	0.0	3.0	0.0	0.0	0.0	0.0
ASV_2511	0.0	0.0	12.0	0.0	0.0	5.0	0.0	7.0	15.0	0.0	0.0	16.0	5.0	0.0	0.0	0.0	2.0	0.0	0.0	0.0	0.0	0.0	1.0	0.0	0.0	0.0	0.0	0.0	0.0	0.0	0.0	6.0	0.0	0.0	0.0	0.0
ASV_2515	1.0	9.0	2.0	0.0	0.0	4.0	0.0	0.0	3.0	0.0	0.0	0.0	0.0	0.0	12.0	0.0	11.0	0.0	0.0	0.0	0.0	0.0	0.0	0.0	0.0	3.0	0.0	0.0	0.0	1.0	0.0	0.0	0.0	0.0	23.0	0.0
ASV_2518	0.0	0.0	0.0	0.0	0.0	0.0	0.0	0.0	0.0	0.0	0.0	0.0	0.0	0.0	0.0	0.0	0.0	0.0	0.0	0.0	0.0	0.0	0.0	0.0	0.0	0.0	0.0	0.0	0.0	0.0	0.0	68.0	0.0	0.0	0.0	0.0
ASV_2521	0.0	0.0	0.0	0.0	0.0	0.0	0.0	9.0	0.0	3.0	0.0	0.0	18.0	0.0	0.0	0.0	4.0	0.0	0.0	0.0	0.0	0.0	11.0	0.0	2.0	0.0	0.0	0.0	0.0	3.0	0.0	18.0	0.0	0.0	0.0	0.0
ASV_2523	0.0	0.0	0.0	0.0	0.0	0.0	0.0	15.0	0.0	4.0	0.0	0.0	15.0	0.0	0.0	0.0	0.0	0.0	0.0	0.0	0.0	0.0	8.0	0.0	0.0	0.0	0.0	0.0	0.0	0.0	0.0	26.0	0.0	0.0	0.0	0.0
ASV_2525	12.0	22.0	0.0	0.0	0.0	0.0	0.0	0.0	0.0	0.0	0.0	0.0	0.0	0.0	14.0	0.0	0.0	0.0	0.0	0.0	0.0	0.0	0.0	0.0	0.0	10.0	0.0	0.0	0.0	0.0	0.0	0.0	0.0	0.0	10.0	0.0
ASV_2538	0.0	0.0	0.0	0.0	2.0	0.0	0.0	9.0	0.0	4.0	0.0	3.0	12.0	0.0	0.0	0.0	5.0	0.0	0.0	0.0	0.0	8.0	9.0	0.0	0.0	0.0	0.0	0.0	0.0	4.0	0.0	11.0	0.0	0.0	0.0	0.0
ASV_2539	0.0	0.0	8.0	0.0	6.0	0.0	0.0	2.0	3.0	4.0	0.0	2.0	13.0	0.0	0.0	0.0	12.0	0.0	0.0	0.0	0.0	3.0	7.0	0.0	0.0	0.0	0.0	0.0	0.0	2.0	0.0	5.0	0.0	0.0	0.0	0.0
ASV_2544	0.0	0.0	0.0	2.0	0.0	0.0	0.0	7.0	2.0	0.0	0.0	3.0	16.0	3.0	0.0	5.0	0.0	0.0	0.0	0.0	2.0	0.0	14.0	0.0	0.0	0.0	0.0	0.0	0.0	0.0	0.0	13.0	0.0	0.0	0.0	0.0
ASV_2546	0.0	0.0	0.0	2.0	3.0	2.0	0.0	13.0	2.0	0.0	0.0	0.0	8.0	3.0	0.0	6.0	5.0	0.0	0.0	0.0	5.0	0.0	5.0	0.0	3.0	0.0	0.0	0.0	0.0	0.0	0.0	10.0	0.0	0.0	0.0	0.0
ASV_2551	0.0	0.0	0.0	0.0	0.0	0.0	0.0	26.0	0.0	1.0	0.0	0.0	29.0	0.0	0.0	0.0	0.0	0.0	0.0	0.0	0.0	0.0	11.0	0.0	0.0	0.0	0.0	0.0	0.0	0.0	0.0	0.0	0.0	0.0	0.0	0.0
ASV_2552	0.0	0.0	0.0	0.0	0.0	0.0	5.0	0.0	0.0	0.0	0.0	0.0	0.0	0.0	0.0	0.0	0.0	0.0	0.0	15.0	0.0	0.0	0.0	0.0	0.0	0.0	15.0	18.0	0.0	0.0	0.0	0.0	14.0	0.0	0.0	0.0
ASV_2561	6.0	5.0	0.0	0.0	2.0	3.0	0.0	0.0	9.0	0.0	0.0	5.0	0.0	0.0	6.0	0.0	14.0	0.0	0.0	0.0	0.0	1.0	0.0	0.0	0.0	5.0	0.0	0.0	0.0	0.0	0.0	2.0	0.0	0.0	8.0	0.0
ASV_2569	0.0	0.0	0.0	0.0	0.0	0.0	0.0	16.0	0.0	0.0	0.0	0.0	8.0	0.0	0.0	0.0	0.0	0.0	0.0	0.0	0.0	0.0	14.0	0.0	0.0	0.0	0.0	0.0	0.0	0.0	0.0	28.0	0.0	0.0	0.0	0.0
ASV_2572	16.0	14.0	0.0	0.0	0.0	2.0	0.0	0.0	0.0	0.0	0.0	0.0	0.0	0.0	7.0	0.0	0.0	0.0	0.0	0.0	0.0	0.0	0.0	0.0	0.0	10.0	0.0	0.0	0.0	0.0	0.0	0.0	0.0	0.0	17.0	0.0
ASV_2580	0.0	0.0	0.0	0.0	0.0	0.0	0.0	19.0	0.0	2.0	0.0	0.0	15.0	0.0	0.0	0.0	0.0	0.0	0.0	0.0	0.0	0.0	14.0	0.0	0.0	0.0	0.0	0.0	0.0	0.0	0.0	16.0	0.0	0.0	0.0	0.0
ASV_2581	0.0	0.0	0.0	0.0	0.0	0.0	0.0	0.0	0.0	0.0	0.0	0.0	0.0	0.0	0.0	0.0	6.0	0.0	0.0	0.0	0.0	60.0	0.0	0.0	0.0	0.0	0.0	0.0	0.0	0.0	0.0	0.0	0.0	0.0	0.0	0.0
ASV_2582	0.0	0.0	0.0	0.0	0.0	0.0	0.0	0.0	0.0	14.0	0.0	0.0	0.0	0.0	0.0	0.0	0.0	0.0	0.0	0.0	0.0	0.0	52.0	0.0	0.0	0.0	0.0	0.0	0.0	0.0	0.0	0.0	0.0	0.0	0.0	0.0
ASV_2587	0.0	0.0	0.0	0.0	0.0	0.0	0.0	13.0	0.0	0.0	0.0	0.0	16.0	0.0	0.0	0.0	0.0	0.0	0.0	0.0	0.0	0.0	22.0	0.0	0.0	0.0	0.0	0.0	0.0	0.0	0.0	15.0	0.0	0.0	0.0	0.0
ASV_2589	0.0	0.0	0.0	0.0	0.0	0.0	0.0	6.0	0.0	0.0	0.0	0.0	33.0	0.0	0.0	0.0	0.0	0.0	0.0	0.0	0.0	0.0	18.0	0.0	0.0	0.0	0.0	0.0	0.0	0.0	0.0	9.0	0.0	0.0	0.0	0.0
ASV_2590	0.0	0.0	0.0	0.0	0.0	0.0	0.0	11.0	0.0	3.0	0.0	3.0	8.0	0.0	0.0	0.0	0.0	0.0	0.0	0.0	0.0	0.0	19.0	0.0	0.0	0.0	0.0	0.0	0.0	0.0	0.0	22.0	0.0	0.0	0.0	0.0
ASV_2594	6.0	8.0	0.0	5.0	0.0	0.0	0.0	7.0	0.0	2.0	0.0	0.0	0.0	0.0	9.0	5.0	0.0	0.0	0.0	0.0	3.0	0.0	4.0	0.0	0.0	5.0	0.0	0.0	0.0	0.0	0.0	9.0	0.0	0.0	2.0	0.0
ASV_2597	0.0	0.0	0.0	0.0	1.0	0.0	0.0	8.0	0.0	5.0	0.0	0.0	8.0	3.0	0.0	0.0	2.0	0.0	0.0	0.0	0.0	1.0	7.0	0.0	6.0	0.0	0.0	0.0	0.0	5.0	0.0	19.0	0.0	0.0	0.0	0.0
ASV_2618	0.0	0.0	0.0	0.0	19.0	0.0	0.0	0.0	0.0	0.0	0.0	0.0	0.0	0.0	0.0	0.0	0.0	3.0	0.0	0.0	0.0	16.0	0.0	0.0	11.0	0.0	0.0	0.0	0.0	14.0	0.0	0.0	0.0	0.0	2.0	0.0
ASV_2621	7.0	8.0	3.0	0.0	0.0	0.0	0.0	0.0	5.0	0.0	0.0	3.0	0.0	0.0	12.0	0.0	3.0	0.0	0.0	0.0	0.0	0.0	0.0	0.0	0.0	13.0	0.0	0.0	0.0	0.0	0.0	0.0	0.0	0.0	10.0	0.0
ASV_2630	0.0	0.0	0.0	0.0	15.0	0.0	0.0	0.0	0.0	0.0	0.0	0.0	0.0	0.0	0.0	0.0	0.0	11.0	0.0	0.0	0.0	14.0	0.0	0.0	12.0	0.0	0.0	0.0	0.0	12.0	0.0	0.0	0.0	0.0	0.0	0.0
ASV_2631	0.0	0.0	0.0	0.0	0.0	0.0	0.0	0.0	2.0	0.0	0.0	0.0	0.0	0.0	0.0	0.0	0.0	0.0	0.0	0.0	0.0	0.0	0.0	0.0	0.0	0.0	0.0	0.0	0.0	62.0	0.0	0.0	0.0	0.0	0.0	0.0
ASV_2646	0.0	0.0	0.0	0.0	0.0	0.0	0.0	6.0	0.0	0.0	0.0	0.0	37.0	0.0	0.0	0.0	0.0	0.0	0.0	0.0	0.0	0.0	14.0	0.0	0.0	0.0	0.0	0.0	0.0	0.0	0.0	6.0	0.0	0.0	0.0	0.0
ASV_2647	0.0	0.0	11.0	0.0	0.0	5.0	0.0	0.0	7.0	0.0	0.0	17.0	0.0	0.0	0.0	0.0	23.0	0.0	0.0	0.0	0.0	0.0	0.0	0.0	0.0	0.0	0.0	0.0	0.0	0.0	0.0	0.0	0.0	0.0	0.0	0.0
ASV_2650	0.0	0.0	0.0	2.0	7.0	0.0	0.0	0.0	0.0	0.0	0.0	0.0	0.0	8.0	0.0	11.0	0.0	5.0	0.0	0.0	12.0	5.0	0.0	0.0	7.0	0.0	0.0	0.0	0.0	6.0	0.0	0.0	0.0	0.0	0.0	0.0
ASV_2651	0.0	0.0	0.0	0.0	0.0	0.0	0.0	13.0	0.0	0.0	0.0	0.0	23.0	0.0	0.0	0.0	0.0	0.0	0.0	0.0	0.0	0.0	10.0	0.0	0.0	0.0	0.0	0.0	0.0	0.0	0.0	17.0	0.0	0.0	0.0	0.0
ASV_2652	0.0	0.0	0.0	0.0	0.0	0.0	0.0	12.0	0.0	2.0	0.0	3.0	19.0	0.0	0.0	0.0	0.0	0.0	0.0	0.0	0.0	0.0	10.0	0.0	0.0	0.0	0.0	0.0	0.0	0.0	0.0	17.0	0.0	0.0	0.0	0.0
ASV_2666	0.0	0.0	10.0	0.0	0.0	5.0	0.0	0.0	10.0	0.0	0.0	24.0	0.0	0.0	0.0	0.0	12.0	0.0	0.0	0.0	0.0	0.0	0.0	0.0	0.0	0.0	0.0	0.0	0.0	0.0	0.0	0.0	0.0	0.0	1.0	0.0
ASV_2675	0.0	0.0	0.0	0.0	0.0	0.0	9.0	0.0	0.0	0.0	0.0	0.0	0.0	0.0	0.0	0.0	0.0	0.0	0.0	7.0	0.0	0.0	0.0	4.0	0.0	0.0	7.0	4.0	0.0	0.0	6.0	0.0	7.0	13.0	0.0	5.0
ASV_2678	0.0	0.0	0.0	0.0	0.0	0.0	9.0	0.0	0.0	0.0	0.0	0.0	0.0	0.0	0.0	0.0	0.0	0.0	0.0	12.0	0.0	0.0	0.0	0.0	0.0	0.0	17.0	13.0	0.0	0.0	0.0	0.0	11.0	0.0	0.0	0.0
ASV_2697	0.0	0.0	10.0	0.0	0.0	11.0	0.0	0.0	10.0	0.0	2.0	8.0	0.0	3.0	0.0	0.0	17.0	0.0	0.0	0.0	0.0	0.0	0.0	0.0	0.0	0.0	0.0	0.0	0.0	0.0	0.0	0.0	0.0	0.0	0.0	0.0
ASV_2698	0.0	0.0	0.0	0.0	0.0	0.0	0.0	16.0	0.0	2.0	0.0	0.0	13.0	0.0	0.0	0.0	0.0	0.0	0.0	0.0	0.0	0.0	14.0	0.0	0.0	0.0	0.0	0.0	0.0	0.0	0.0	16.0	0.0	0.0	0.0	0.0
ASV_2702	0.0	0.0	0.0	0.0	11.0	0.0	0.0	0.0	0.0	0.0	0.0	0.0	0.0	0.0	0.0	7.0	0.0	8.0	0.0	0.0	0.0	15.0	0.0	0.0	7.0	0.0	0.0	0.0	0.0	12.0	0.0	0.0	0.0	0.0	0.0	0.0
ASV_2706	2.0	4.0	0.0	0.0	5.0	2.0	0.0	0.0	0.0	0.0	0.0	4.0	0.0	0.0	11.0	0.0	0.0	3.0	0.0	0.0	0.0	8.0	0.0	0.0	4.0	8.0	0.0	0.0	0.0	4.0	0.0	0.0	0.0	0.0	5.0	0.0
ASV_2712	0.0	5.0	7.0	0.0	0.0	2.0	0.0	2.0	11.0	0.0	0.0	11.0	3.0	0.0	2.0	0.0	10.0	0.0	0.0	0.0	0.0	0.0	0.0	0.0	0.0	5.0	0.0	0.0	0.0	0.0	0.0	0.0	0.0	0.0	2.0	0.0
ASV_2716	0.0	0.0	0.0	5.0	8.0	0.0	0.0	0.0	0.0	0.0	0.0	0.0	0.0	0.0	0.0	4.0	0.0	2.0	0.0	0.0	9.0	6.0	0.0	0.0	9.0	0.0	0.0	0.0	0.0	17.0	0.0	0.0	0.0	0.0	0.0	0.0
ASV_2727	0.0	0.0	0.0	3.0	0.0	3.0	0.0	6.0	2.0	3.0	4.0	6.0	0.0	5.0	0.0	2.0	0.0	0.0	0.0	0.0	13.0	1.0	7.0	0.0	0.0	0.0	0.0	0.0	0.0	0.0	0.0	4.0	0.0	0.0	0.0	0.0
ASV_2733	0.0	0.0	0.0	0.0	0.0	0.0	0.0	12.0	0.0	4.0	0.0	0.0	17.0	2.0	0.0	0.0	0.0	0.0	0.0	0.0	0.0	0.0	17.0	0.0	0.0	0.0	0.0	0.0	0.0	0.0	0.0	7.0	0.0	0.0	0.0	0.0
ASV_2734	0.0	0.0	0.0	0.0	20.0	0.0	0.0	0.0	0.0	0.0	0.0	0.0	0.0	0.0	0.0	0.0	0.0	3.0	0.0	0.0	0.0	14.0	0.0	0.0	11.0	0.0	0.0	0.0	0.0	11.0	0.0	0.0	0.0	0.0	0.0	0.0
ASV_2740	0.0	0.0	0.0	10.0	0.0	0.0	0.0	0.0	0.0	0.0	0.0	0.0	0.0	8.0	0.0	21.0	0.0	0.0	2.0	0.0	18.0	0.0	0.0	0.0	0.0	0.0	0.0	0.0	0.0	0.0	0.0	0.0	0.0	0.0	0.0	0.0
ASV_2743	0.0	0.0	0.0	0.0	6.0	0.0	0.0	0.0	0.0	0.0	0.0	0.0	0.0	0.0	0.0	0.0	0.0	10.0	0.0	0.0	0.0	13.0	0.0	0.0	16.0	0.0	0.0	0.0	0.0	14.0	0.0	0.0	0.0	0.0	0.0	0.0
ASV_2748	0.0	0.0	0.0	0.0	0.0	0.0	0.0	9.0	0.0	0.0	0.0	3.0	21.0	0.0	0.0	0.0	0.0	0.0	0.0	0.0	0.0	0.0	7.0	0.0	0.0	0.0	0.0	0.0	0.0	0.0	0.0	19.0	0.0	0.0	0.0	0.0
ASV_2753	0.0	0.0	0.0	10.0	3.0	1.0	0.0	0.0	1.0	0.0	3.0	1.0	0.0	4.0	2.0	17.0	3.0	0.0	0.0	0.0	6.0	3.0	0.0	0.0	5.0	0.0	0.0	0.0	0.0	0.0	0.0	0.0	0.0	0.0	0.0	0.0
ASV_2760	0.0	0.0	0.0	0.0	0.0	0.0	0.0	9.0	0.0	3.0	0.0	0.0	28.0	0.0	0.0	0.0	0.0	0.0	0.0	0.0	0.0	0.0	8.0	0.0	0.0	0.0	0.0	0.0	0.0	0.0	0.0	10.0	0.0	0.0	0.0	0.0
ASV_2764	0.0	0.0	0.0	0.0	13.0	0.0	0.0	0.0	0.0	0.0	0.0	0.0	0.0	0.0	0.0	0.0	0.0	2.0	0.0	0.0	0.0	11.0	0.0	0.0	8.0	0.0	0.0	0.0	0.0	24.0	0.0	0.0	0.0	0.0	0.0	0.0
ASV_2772	0.0	0.0	0.0	0.0	0.0	0.0	0.0	0.0	0.0	0.0	0.0	0.0	29.0	0.0	0.0	0.0	0.0	0.0	0.0	0.0	0.0	0.0	3.0	0.0	0.0	0.0	0.0	0.0	0.0	0.0	0.0	26.0	0.0	0.0	0.0	0.0
ASV_2773	0.0	0.0	0.0	0.0	11.0	0.0	0.0	9.0	0.0	0.0	0.0	0.0	9.0	0.0	0.0	0.0	0.0	0.0	0.0	0.0	0.0	8.0	2.0	0.0	11.0	0.0	0.0	0.0	0.0	5.0	0.0	3.0	0.0	0.0	0.0	0.0
ASV_2776	0.0	0.0	0.0	0.0	0.0	0.0	0.0	0.0	0.0	0.0	0.0	0.0	0.0	0.0	0.0	0.0	0.0	0.0	0.0	0.0	0.0	58.0	0.0	0.0	0.0	0.0	0.0	0.0	0.0	0.0	0.0	0.0	0.0	0.0	0.0	0.0
ASV_2781	0.0	0.0	7.0	0.0	0.0	3.0	0.0	2.0	10.0	0.0	0.0	10.0	3.0	5.0	0.0	0.0	16.0	0.0	2.0	0.0	0.0	0.0	0.0	0.0	0.0	0.0	0.0	0.0	0.0	0.0	0.0	0.0	0.0	0.0	0.0	0.0
ASV_2784	0.0	0.0	2.0	0.0	10.0	0.0	0.0	0.0	0.0	0.0	0.0	2.0	0.0	0.0	0.0	0.0	5.0	6.0	0.0	0.0	0.0	6.0	0.0	0.0	10.0	0.0	0.0	0.0	0.0	16.0	0.0	0.0	0.0	0.0	0.0	0.0
ASV_2785	12.0	16.0	0.0	0.0	0.0	0.0	0.0	0.0	0.0	0.0	0.0	0.0	0.0	0.0	15.0	0.0	0.0	0.0	0.0	0.0	0.0	0.0	0.0	0.0	0.0	12.0	0.0	0.0	0.0	0.0	0.0	0.0	0.0	0.0	2.0	0.0
ASV_2788	0.0	0.0	2.0	0.0	0.0	0.0	0.0	15.0	5.0	0.0	0.0	4.0	13.0	0.0	0.0	0.0	0.0	0.0	0.0	0.0	0.0	0.0	12.0	0.0	0.0	0.0	0.0	0.0	0.0	0.0	0.0	6.0	0.0	0.0	0.0	0.0
ASV_2789	0.0	0.0	0.0	0.0	0.0	0.0	0.0	43.0	0.0	0.0	0.0	0.0	0.0	0.0	0.0	0.0	0.0	0.0	0.0	0.0	0.0	0.0	0.0	0.0	0.0	0.0	0.0	0.0	0.0	0.0	0.0	14.0	0.0	0.0	0.0	0.0
ASV_2806	0.0	0.0	0.0	0.0	14.0	0.0	0.0	2.0	2.0	3.0	0.0	0.0	5.0	0.0	0.0	0.0	0.0	0.0	0.0	0.0	0.0	8.0	2.0	0.0	7.0	0.0	0.0	0.0	0.0	7.0	0.0	6.0	0.0	0.0	0.0	0.0
ASV_2808	0.0	0.0	0.0	7.0	0.0	0.0	0.0	0.0	0.0	0.0	9.0	0.0	0.0	6.0	0.0	23.0	0.0	0.0	0.0	0.0	11.0	0.0	0.0	0.0	0.0	0.0	0.0	0.0	0.0	0.0	0.0	0.0	0.0	0.0	0.0	0.0
ASV_2815	0.0	0.0	0.0	6.0	0.0	4.0	0.0	2.0	6.0	0.0	2.0	12.0	0.0	0.0	0.0	4.0	6.0	0.0	0.0	0.0	7.0	0.0	4.0	0.0	0.0	0.0	0.0	0.0	0.0	0.0	0.0	3.0	0.0	0.0	0.0	0.0
ASV_2817	0.0	0.0	0.0	8.0	0.0	0.0	0.0	0.0	0.0	0.0	3.0	0.0	0.0	16.0	0.0	7.0	0.0	0.0	0.0	0.0	22.0	0.0	0.0	0.0	0.0	0.0	0.0	0.0	0.0	0.0	0.0	0.0	0.0	0.0	0.0	0.0
ASV_2820	0.0	0.0	0.0	0.0	2.0	0.0	0.0	7.0	0.0	0.0	4.0	0.0	8.0	3.0	0.0	0.0	0.0	3.0	0.0	0.0	4.0	2.0	3.0	0.0	4.0	0.0	0.0	0.0	0.0	3.0	0.0	13.0	0.0	0.0	0.0	0.0
ASV_2824	0.0	0.0	0.0	2.0	0.0	0.0	0.0	0.0	0.0	0.0	0.0	0.0	21.0	0.0	0.0	6.0	4.0	0.0	0.0	0.0	0.0	0.0	11.0	0.0	0.0	0.0	0.0	0.0	0.0	0.0	0.0	12.0	0.0	0.0	0.0	0.0
ASV_2831	0.0	0.0	1.0	0.0	0.0	0.0	0.0	2.0	7.0	4.0	0.0	3.0	16.0	0.0	0.0	0.0	0.0	0.0	0.0	0.0	0.0	1.0	10.0	0.0	0.0	0.0	0.0	0.0	0.0	0.0	0.0	11.0	0.0	0.0	0.0	0.0
ASV_2839	0.0	0.0	10.0	0.0	0.0	5.0	0.0	0.0	9.0	0.0	0.0	11.0	0.0	0.0	0.0	0.0	20.0	0.0	0.0	0.0	0.0	0.0	0.0	0.0	0.0	0.0	0.0	0.0	0.0	0.0	0.0	0.0	0.0	0.0	0.0	0.0
ASV_2842	0.0	0.0	0.0	0.0	3.0	0.0	0.0	0.0	0.0	0.0	0.0	0.0	0.0	0.0	3.0	0.0	0.0	0.0	0.0	0.0	0.0	0.0	0.0	0.0	0.0	0.0	0.0	0.0	0.0	0.0	0.0	0.0	0.0	0.0	49.0	0.0
ASV_2846	0.0	0.0	0.0	0.0	0.0	0.0	0.0	0.0	0.0	0.0	0.0	0.0	0.0	0.0	0.0	19.0	0.0	0.0	0.0	0.0	36.0	0.0	0.0	0.0	0.0	0.0	0.0	0.0	0.0	0.0	0.0	0.0	0.0	0.0	0.0	0.0
ASV_2852	0.0	3.0	0.0	0.0	9.0	0.0	0.0	0.0	0.0	0.0	0.0	0.0	0.0	0.0	3.0	0.0	0.0	3.0	0.0	0.0	0.0	4.0	0.0	0.0	12.0	9.0	0.0	0.0	0.0	9.0	0.0	0.0	0.0	0.0	3.0	0.0
ASV_2853	0.0	0.0	0.0	0.0	0.0	0.0	0.0	0.0	0.0	0.0	7.0	0.0	0.0	0.0	0.0	4.0	0.0	0.0	9.0	0.0	35.0	0.0	0.0	0.0	0.0	0.0	0.0	0.0	0.0	0.0	0.0	0.0	0.0	0.0	0.0	0.0
ASV_2861	4.0	2.0	0.0	0.0	5.0	0.0	0.0	0.0	0.0	0.0	0.0	0.0	4.0	6.0	4.0	3.0	0.0	0.0	0.0	0.0	3.0	10.0	2.0	0.0	6.0	2.0	0.0	0.0	0.0	4.0	0.0	0.0	0.0	0.0	0.0	0.0
ASV_2862	0.0	0.0	0.0	0.0	0.0	0.0	13.0	0.0	0.0	0.0	0.0	0.0	0.0	0.0	0.0	0.0	0.0	0.0	0.0	24.0	0.0	0.0	0.0	0.0	0.0	0.0	0.0	0.0	0.0	0.0	0.0	0.0	17.0	0.0	0.0	1.0
ASV_2863	0.0	0.0	0.0	0.0	0.0	7.0	0.0	9.0	0.0	0.0	0.0	5.0	13.0	0.0	0.0	0.0	2.0	0.0	0.0	0.0	0.0	0.0	2.0	0.0	0.0	0.0	0.0	0.0	0.0	0.0	0.0	16.0	0.0	0.0	0.0	0.0
ASV_2881	0.0	0.0	0.0	0.0	0.0	0.0	0.0	9.0	0.0	4.0	0.0	0.0	10.0	0.0	0.0	0.0	0.0	0.0	0.0	0.0	0.0	0.0	5.0	0.0	0.0	0.0	0.0	0.0	0.0	0.0	0.0	26.0	0.0	0.0	0.0	0.0
ASV_2905	9.0	7.0	0.0	0.0	1.0	0.0	0.0	7.0	0.0	0.0	0.0	0.0	4.0	0.0	7.0	0.0	0.0	0.0	0.0	0.0	0.0	1.0	0.0	0.0	1.0	5.0	0.0	0.0	0.0	3.0	0.0	3.0	0.0	0.0	5.0	0.0
ASV_2915	0.0	0.0	0.0	0.0	0.0	0.0	0.0	6.0	0.0	4.0	0.0	0.0	11.0	0.0	0.0	0.0	0.0	0.0	0.0	0.0	0.0	0.0	10.0	0.0	0.0	0.0	0.0	0.0	0.0	0.0	0.0	22.0	0.0	0.0	0.0	0.0
ASV_2916	0.0	0.0	2.0	0.0	0.0	0.0	0.0	4.0	0.0	0.0	0.0	9.0	0.0	0.0	0.0	0.0	0.0	0.0	0.0	0.0	0.0	0.0	0.0	0.0	0.0	0.0	0.0	0.0	0.0	0.0	0.0	38.0	0.0	0.0	0.0	0.0
ASV_2919	0.0	0.0	0.0	0.0	53.0	0.0	0.0	0.0	0.0	0.0	0.0	0.0	0.0	0.0	0.0	0.0	0.0	0.0	0.0	0.0	0.0	0.0	0.0	0.0	0.0	0.0	0.0	0.0	0.0	0.0	0.0	0.0	0.0	0.0	0.0	0.0
ASV_2923	0.0	0.0	0.0	0.0	0.0	0.0	0.0	0.0	0.0	0.0	0.0	0.0	0.0	0.0	0.0	0.0	0.0	0.0	0.0	0.0	0.0	0.0	0.0	0.0	0.0	0.0	0.0	0.0	0.0	0.0	0.0	52.0	0.0	0.0	0.0	0.0
ASV_2928	0.0	0.0	0.0	0.0	17.0	0.0	0.0	0.0	0.0	0.0	0.0	0.0	0.0	0.0	0.0	0.0	0.0	0.0	0.0	0.0	0.0	23.0	0.0	0.0	5.0	0.0	0.0	0.0	0.0	7.0	0.0	0.0	0.0	0.0	0.0	0.0
ASV_2933	0.0	0.0	0.0	0.0	0.0	0.0	0.0	12.0	0.0	5.0	0.0	0.0	7.0	0.0	0.0	0.0	0.0	0.0	0.0	0.0	0.0	0.0	8.0	0.0	0.0	0.0	0.0	0.0	0.0	0.0	0.0	20.0	0.0	0.0	0.0	0.0
ASV_2935	8.0	9.0	0.0	0.0	0.0	0.0	0.0	0.0	2.0	0.0	0.0	5.0	1.0	0.0	11.0	0.0	0.0	0.0	0.0	0.0	0.0	0.0	0.0	0.0	0.0	9.0	0.0	0.0	0.0	0.0	0.0	0.0	0.0	0.0	7.0	0.0
ASV_2950	0.0	0.0	0.0	0.0	0.0	0.0	0.0	0.0	0.0	0.0	0.0	0.0	44.0	0.0	0.0	0.0	0.0	0.0	0.0	0.0	3.0	0.0	3.0	0.0	0.0	0.0	0.0	0.0	0.0	0.0	0.0	1.0	0.0	0.0	0.0	0.0
ASV_2954	0.0	0.0	0.0	0.0	0.0	0.0	0.0	8.0	0.0	2.0	0.0	0.0	15.0	0.0	0.0	0.0	0.0	0.0	0.0	0.0	0.0	0.0	11.0	0.0	0.0	0.0	0.0	0.0	0.0	0.0	0.0	15.0	0.0	0.0	0.0	0.0
ASV_2959	0.0	0.0	10.0	0.0	0.0	3.0	0.0	0.0	5.0	0.0	0.0	3.0	0.0	0.0	0.0	0.0	30.0	0.0	0.0	0.0	0.0	0.0	0.0	0.0	0.0	0.0	0.0	0.0	0.0	0.0	0.0	0.0	0.0	0.0	0.0	0.0
ASV_2962	0.0	0.0	0.0	0.0	0.0	0.0	0.0	20.0	0.0	6.0	0.0	0.0	8.0	0.0	0.0	0.0	0.0	0.0	0.0	0.0	0.0	0.0	9.0	0.0	0.0	0.0	0.0	0.0	0.0	0.0	0.0	8.0	0.0	0.0	0.0	0.0
ASV_2964	0.0	0.0	0.0	5.0	0.0	0.0	0.0	2.0	0.0	0.0	3.0	0.0	8.0	5.0	0.0	6.0	0.0	0.0	0.0	0.0	10.0	0.0	2.0	0.0	0.0	0.0	0.0	0.0	0.0	0.0	0.0	10.0	0.0	0.0	0.0	0.0
ASV_2975	0.0	0.0	0.0	0.0	0.0	0.0	0.0	0.0	0.0	0.0	0.0	0.0	0.0	0.0	0.0	0.0	0.0	0.0	0.0	0.0	0.0	0.0	0.0	14.0	0.0	0.0	0.0	0.0	0.0	0.0	0.0	0.0	0.0	27.0	0.0	10.0
ASV_2976	0.0	0.0	0.0	0.0	9.0	0.0	0.0	0.0	0.0	0.0	0.0	2.0	0.0	0.0	0.0	0.0	15.0	0.0	0.0	0.0	0.0	8.0	2.0	0.0	4.0	0.0	0.0	0.0	0.0	0.0	0.0	11.0	0.0	0.0	0.0	0.0
ASV_2979	0.0	0.0	0.0	0.0	0.0	0.0	0.0	8.0	0.0	0.0	0.0	0.0	34.0	0.0	0.0	0.0	0.0	0.0	0.0	0.0	0.0	0.0	7.0	0.0	0.0	0.0	0.0	0.0	0.0	0.0	0.0	1.0	0.0	0.0	0.0	0.0
ASV_2993	0.0	2.0	0.0	0.0	3.0	0.0	0.0	8.0	0.0	4.0	0.0	0.0	8.0	0.0	0.0	0.0	0.0	0.0	0.0	0.0	0.0	0.0	6.0	0.0	0.0	2.0	0.0	0.0	0.0	2.0	0.0	15.0	0.0	0.0	0.0	0.0
ASV_2994	0.0	0.0	0.0	0.0	0.0	0.0	0.0	9.0	0.0	7.0	0.0	0.0	10.0	0.0	0.0	0.0	0.0	0.0	0.0	0.0	0.0	0.0	11.0	0.0	0.0	0.0	0.0	0.0	0.0	0.0	0.0	13.0	0.0	0.0	0.0	0.0
ASV_2997	0.0	0.0	3.0	0.0	0.0	5.0	0.0	4.0	0.0	0.0	0.0	6.0	7.0	0.0	0.0	0.0	6.0	0.0	0.0	0.0	0.0	0.0	7.0	0.0	0.0	0.0	0.0	0.0	0.0	0.0	0.0	12.0	0.0	0.0	0.0	0.0
ASV_2998	0.0	0.0	0.0	0.0	0.0	0.0	0.0	15.0	0.0	2.0	0.0	0.0	15.0	0.0	0.0	0.0	0.0	0.0	0.0	0.0	0.0	3.0	7.0	0.0	0.0	0.0	0.0	0.0	0.0	0.0	0.0	8.0	0.0	0.0	0.0	0.0
ASV_2999	0.0	0.0	0.0	0.0	15.0	0.0	0.0	0.0	0.0	0.0	0.0	0.0	0.0	0.0	0.0	0.0	0.0	2.0	0.0	0.0	0.0	10.0	0.0	0.0	12.0	0.0	0.0	0.0	0.0	11.0	0.0	0.0	0.0	0.0	0.0	0.0
ASV_3003	0.0	0.0	0.0	0.0	0.0	0.0	0.0	21.0	0.0	2.0	0.0	0.0	7.0	0.0	0.0	0.0	0.0	0.0	0.0	0.0	0.0	0.0	15.0	0.0	0.0	0.0	0.0	0.0	0.0	0.0	0.0	5.0	0.0	0.0	0.0	0.0
ASV_3010	0.0	0.0	0.0	0.0	11.0	0.0	0.0	0.0	0.0	0.0	0.0	0.0	0.0	0.0	0.0	0.0	0.0	2.0	0.0	0.0	0.0	9.0	0.0	0.0	13.0	0.0	0.0	0.0	0.0	15.0	0.0	0.0	0.0	0.0	0.0	0.0
ASV_3011	0.0	0.0	0.0	0.0	0.0	0.0	5.0	0.0	0.0	0.0	0.0	0.0	0.0	0.0	0.0	0.0	0.0	0.0	0.0	7.0	0.0	0.0	0.0	12.0	0.0	0.0	4.0	4.0	4.0	0.0	2.0	0.0	2.0	8.0	0.0	2.0
ASV_3012	0.0	0.0	0.0	5.0	0.0	0.0	0.0	0.0	0.0	0.0	0.0	0.0	0.0	5.0	0.0	6.0	0.0	0.0	0.0	0.0	34.0	0.0	0.0	0.0	0.0	0.0	0.0	0.0	0.0	0.0	0.0	0.0	0.0	0.0	0.0	0.0
ASV_3015	0.0	0.0	0.0	13.0	0.0	0.0	0.0	0.0	0.0	0.0	5.0	0.0	0.0	8.0	0.0	14.0	0.0	0.0	0.0	0.0	9.0	0.0	0.0	0.0	0.0	0.0	0.0	0.0	0.0	0.0	0.0	0.0	0.0	0.0	0.0	0.0
ASV_3017	0.0	0.0	0.0	0.0	0.0	0.0	0.0	0.0	0.0	0.0	4.0	0.0	0.0	8.0	0.0	8.0	0.0	0.0	3.0	0.0	26.0	0.0	0.0	0.0	0.0	0.0	0.0	0.0	0.0	0.0	0.0	0.0	0.0	0.0	0.0	0.0
ASV_3029	0.0	0.0	0.0	0.0	0.0	0.0	12.0	0.0	0.0	0.0	0.0	0.0	0.0	0.0	0.0	0.0	0.0	0.0	0.0	19.0	0.0	0.0	0.0	0.0	0.0	0.0	18.0	0.0	0.0	0.0	0.0	0.0	0.0	0.0	0.0	0.0
ASV_3032	0.0	0.0	0.0	0.0	0.0	0.0	0.0	5.0	0.0	2.0	0.0	2.0	16.0	0.0	0.0	0.0	5.0	0.0	0.0	0.0	0.0	0.0	11.0	0.0	0.0	0.0	0.0	0.0	0.0	0.0	0.0	8.0	0.0	0.0	0.0	0.0
ASV_3033	0.0	0.0	0.0	0.0	0.0	0.0	0.0	0.0	0.0	0.0	0.0	0.0	0.0	4.0	0.0	0.0	0.0	0.0	0.0	0.0	45.0	0.0	0.0	0.0	0.0	0.0	0.0	0.0	0.0	0.0	0.0	0.0	0.0	0.0	0.0	0.0
ASV_3036	0.0	0.0	0.0	0.0	0.0	0.0	0.0	11.0	0.0	3.0	0.0	0.0	1.0	0.0	0.0	25.0	8.0	0.0	0.0	0.0	0.0	0.0	0.0	0.0	0.0	0.0	0.0	0.0	0.0	0.0	0.0	0.0	0.0	0.0	0.0	0.0
ASV_3042	0.0	0.0	0.0	0.0	0.0	0.0	0.0	5.0	0.0	2.0	0.0	0.0	31.0	0.0	0.0	0.0	0.0	0.0	0.0	0.0	0.0	0.0	1.0	0.0	0.0	0.0	0.0	0.0	0.0	0.0	0.0	9.0	0.0	0.0	0.0	0.0
ASV_3043	0.0	0.0	0.0	0.0	0.0	0.0	0.0	19.0	0.0	6.0	0.0	0.0	7.0	0.0	0.0	0.0	0.0	0.0	0.0	0.0	0.0	0.0	11.0	0.0	0.0	0.0	0.0	0.0	0.0	0.0	0.0	5.0	0.0	0.0	0.0	0.0
ASV_3046	0.0	0.0	0.0	0.0	8.0	0.0	0.0	5.0	0.0	2.0	0.0	0.0	2.0	0.0	0.0	0.0	0.0	3.0	0.0	0.0	0.0	8.0	3.0	0.0	8.0	0.0	0.0	0.0	0.0	3.0	0.0	6.0	0.0	0.0	0.0	0.0
ASV_3047	0.0	0.0	0.0	0.0	0.0	0.0	0.0	2.0	0.0	0.0	0.0	0.0	15.0	0.0	0.0	0.0	0.0	0.0	0.0	0.0	0.0	0.0	12.0	0.0	0.0	0.0	0.0	0.0	0.0	0.0	0.0	19.0	0.0	0.0	0.0	0.0
ASV_3048	0.0	0.0	0.0	0.0	15.0	0.0	0.0	0.0	0.0	0.0	0.0	0.0	0.0	0.0	0.0	0.0	0.0	3.0	0.0	0.0	0.0	19.0	0.0	0.0	8.0	0.0	0.0	0.0	0.0	3.0	0.0	0.0	0.0	0.0	0.0	0.0
ASV_3053	0.0	0.0	0.0	0.0	0.0	4.0	0.0	0.0	28.0	0.0	0.0	4.0	0.0	0.0	0.0	0.0	12.0	0.0	0.0	0.0	0.0	0.0	0.0	0.0	0.0	0.0	0.0	0.0	0.0	0.0	0.0	0.0	0.0	0.0	0.0	0.0
ASV_3063	7.0	10.0	0.0	0.0	0.0	0.0	0.0	0.0	0.0	3.0	0.0	0.0	0.0	0.0	9.0	0.0	0.0	0.0	0.0	0.0	0.0	0.0	2.0	0.0	0.0	6.0	0.0	0.0	0.0	0.0	0.0	2.0	0.0	0.0	9.0	0.0
ASV_3067	0.0	0.0	0.0	0.0	0.0	0.0	0.0	7.0	0.0	3.0	0.0	0.0	21.0	0.0	0.0	0.0	0.0	0.0	0.0	0.0	0.0	0.0	12.0	0.0	0.0	0.0	0.0	0.0	0.0	0.0	0.0	5.0	0.0	0.0	0.0	0.0
ASV_3070	0.0	0.0	0.0	0.0	0.0	0.0	0.0	8.0	2.0	3.0	0.0	0.0	15.0	3.0	0.0	0.0	0.0	0.0	0.0	0.0	5.0	0.0	0.0	0.0	2.0	0.0	0.0	0.0	0.0	0.0	0.0	9.0	0.0	0.0	0.0	0.0
ASV_3072	0.0	0.0	0.0	0.0	0.0	0.0	0.0	0.0	24.0	0.0	0.0	23.0	0.0	0.0	0.0	0.0	0.0	0.0	0.0	0.0	0.0	0.0	0.0	0.0	0.0	0.0	0.0	0.0	0.0	0.0	0.0	0.0	0.0	0.0	0.0	0.0
ASV_3077	0.0	0.0	9.0	0.0	0.0	2.0	0.0	0.0	4.0	0.0	0.0	11.0	0.0	0.0	0.0	0.0	20.0	0.0	0.0	0.0	0.0	0.0	1.0	0.0	0.0	0.0	0.0	0.0	0.0	0.0	0.0	0.0	0.0	0.0	0.0	0.0
ASV_3080	0.0	0.0	0.0	0.0	0.0	0.0	0.0	4.0	0.0	0.0	0.0	0.0	16.0	0.0	0.0	0.0	0.0	0.0	0.0	0.0	0.0	0.0	16.0	0.0	0.0	0.0	0.0	0.0	0.0	0.0	0.0	11.0	0.0	0.0	0.0	0.0
ASV_3081	0.0	0.0	0.0	0.0	17.0	0.0	0.0	0.0	0.0	0.0	0.0	0.0	0.0	0.0	0.0	0.0	0.0	2.0	0.0	0.0	0.0	13.0	0.0	0.0	6.0	0.0	0.0	0.0	0.0	9.0	0.0	0.0	0.0	0.0	0.0	0.0
ASV_3088	0.0	0.0	0.0	0.0	7.0	0.0	0.0	0.0	0.0	0.0	0.0	0.0	3.0	0.0	0.0	0.0	0.0	3.0	0.0	0.0	0.0	20.0	0.0	0.0	6.0	0.0	0.0	0.0	0.0	8.0	0.0	0.0	0.0	0.0	0.0	0.0
ASV_3105	0.0	0.0	0.0	0.0	0.0	0.0	0.0	6.0	9.0	4.0	0.0	0.0	10.0	0.0	0.0	0.0	0.0	0.0	0.0	0.0	0.0	0.0	0.0	0.0	0.0	0.0	0.0	0.0	0.0	0.0	0.0	17.0	0.0	0.0	0.0	0.0
ASV_3120	0.0	0.0	0.0	1.0	0.0	0.0	0.0	0.0	0.0	0.0	28.0	0.0	0.0	0.0	0.0	0.0	0.0	0.0	0.0	0.0	17.0	0.0	0.0	0.0	0.0	0.0	0.0	0.0	0.0	0.0	0.0	0.0	0.0	0.0	0.0	0.0
ASV_3123	0.0	0.0	0.0	0.0	10.0	0.0	0.0	0.0	0.0	0.0	0.0	0.0	0.0	0.0	0.0	0.0	0.0	4.0	0.0	0.0	0.0	8.0	0.0	0.0	11.0	0.0	0.0	0.0	0.0	13.0	0.0	0.0	0.0	0.0	0.0	0.0
ASV_3127	0.0	0.0	4.0	0.0	0.0	0.0	0.0	7.0	2.0	4.0	0.0	2.0	11.0	0.0	0.0	0.0	3.0	0.0	0.0	0.0	0.0	0.0	6.0	0.0	0.0	0.0	0.0	0.0	0.0	0.0	0.0	7.0	0.0	0.0	0.0	0.0
ASV_3129	0.0	0.0	0.0	0.0	9.0	0.0	0.0	3.0	0.0	0.0	0.0	5.0	0.0	0.0	0.0	0.0	2.0	4.0	0.0	0.0	0.0	5.0	0.0	0.0	11.0	0.0	0.0	0.0	0.0	7.0	0.0	0.0	0.0	0.0	0.0	0.0
ASV_3130	0.0	0.0	0.0	0.0	0.0	0.0	0.0	8.0	0.0	3.0	0.0	0.0	16.0	0.0	0.0	0.0	0.0	0.0	0.0	0.0	0.0	0.0	15.0	0.0	0.0	0.0	0.0	0.0	0.0	0.0	0.0	4.0	0.0	0.0	0.0	0.0
ASV_3138	0.0	0.0	0.0	2.0	0.0	0.0	0.0	0.0	0.0	0.0	6.0	0.0	0.0	12.0	0.0	7.0	0.0	0.0	0.0	0.0	18.0	0.0	0.0	0.0	0.0	0.0	0.0	0.0	0.0	0.0	0.0	0.0	0.0	0.0	0.0	0.0
ASV_3141	0.0	0.0	0.0	0.0	13.0	0.0	0.0	0.0	0.0	0.0	0.0	0.0	0.0	0.0	0.0	0.0	0.0	4.0	0.0	0.0	0.0	9.0	0.0	0.0	9.0	0.0	0.0	0.0	0.0	10.0	0.0	0.0	0.0	0.0	0.0	0.0
ASV_3145	0.0	0.0	0.0	3.0	0.0	0.0	0.0	0.0	0.0	0.0	4.0	0.0	1.0	29.0	0.0	5.0	0.0	0.0	3.0	0.0	0.0	0.0	0.0	0.0	0.0	0.0	0.0	0.0	0.0	0.0	0.0	0.0	0.0	0.0	0.0	0.0
ASV_3147	0.0	0.0	0.0	0.0	0.0	0.0	0.0	0.0	0.0	0.0	0.0	0.0	0.0	0.0	0.0	0.0	0.0	0.0	0.0	0.0	0.0	0.0	0.0	0.0	0.0	0.0	0.0	0.0	0.0	0.0	0.0	0.0	0.0	34.0	0.0	11.0
ASV_3152	0.0	0.0	0.0	3.0	0.0	0.0	0.0	0.0	0.0	0.0	0.0	0.0	0.0	6.0	0.0	16.0	0.0	0.0	7.0	0.0	13.0	0.0	0.0	0.0	0.0	0.0	0.0	0.0	0.0	0.0	0.0	0.0	0.0	0.0	0.0	0.0
ASV_3154	0.0	0.0	0.0	0.0	0.0	0.0	0.0	9.0	0.0	2.0	0.0	0.0	12.0	0.0	0.0	0.0	0.0	0.0	0.0	0.0	0.0	0.0	11.0	0.0	0.0	0.0	0.0	0.0	0.0	0.0	0.0	11.0	0.0	0.0	0.0	0.0
ASV_3155	0.0	0.0	0.0	0.0	0.0	0.0	0.0	0.0	0.0	2.0	0.0	7.0	4.0	0.0	0.0	0.0	8.0	0.0	0.0	0.0	0.0	0.0	14.0	0.0	0.0	0.0	0.0	0.0	0.0	0.0	0.0	10.0	0.0	0.0	0.0	0.0
ASV_3156	0.0	0.0	0.0	0.0	6.0	0.0	0.0	0.0	0.0	0.0	0.0	0.0	0.0	0.0	0.0	0.0	0.0	4.0	0.0	0.0	0.0	18.0	0.0	0.0	11.0	0.0	0.0	0.0	0.0	6.0	0.0	0.0	0.0	0.0	0.0	0.0
ASV_3165	0.0	0.0	0.0	6.0	0.0	0.0	0.0	5.0	0.0	0.0	0.0	0.0	8.0	0.0	0.0	0.0	0.0	0.0	0.0	0.0	4.0	0.0	6.0	0.0	0.0	0.0	0.0	0.0	0.0	4.0	0.0	11.0	0.0	0.0	0.0	0.0
ASV_3168	0.0	0.0	3.0	0.0	0.0	0.0	0.0	8.0	0.0	2.0	0.0	0.0	14.0	0.0	0.0	0.0	0.0	0.0	0.0	0.0	0.0	0.0	6.0	0.0	2.0	0.0	0.0	0.0	0.0	2.0	0.0	7.0	0.0	0.0	0.0	0.0
ASV_3175	0.0	0.0	0.0	0.0	0.0	0.0	0.0	0.0	0.0	0.0	0.0	0.0	0.0	0.0	0.0	0.0	0.0	0.0	0.0	0.0	0.0	0.0	0.0	0.0	0.0	0.0	0.0	0.0	0.0	0.0	0.0	44.0	0.0	0.0	0.0	0.0
ASV_3176	0.0	0.0	0.0	0.0	0.0	0.0	0.0	0.0	0.0	0.0	0.0	0.0	0.0	0.0	0.0	0.0	0.0	0.0	0.0	0.0	0.0	0.0	0.0	0.0	0.0	0.0	0.0	0.0	0.0	0.0	0.0	44.0	0.0	0.0	0.0	0.0
ASV_3185	0.0	0.0	0.0	0.0	0.0	0.0	0.0	4.0	0.0	0.0	0.0	0.0	6.0	0.0	0.0	0.0	0.0	0.0	0.0	0.0	0.0	0.0	14.0	0.0	0.0	0.0	0.0	0.0	0.0	0.0	0.0	20.0	0.0	0.0	0.0	0.0
ASV_3194	0.0	0.0	0.0	0.0	0.0	0.0	0.0	0.0	0.0	0.0	0.0	0.0	0.0	0.0	0.0	0.0	0.0	0.0	0.0	0.0	0.0	0.0	0.0	0.0	0.0	0.0	0.0	0.0	0.0	0.0	0.0	0.0	0.0	44.0	0.0	0.0
ASV_3198	0.0	0.0	0.0	0.0	0.0	0.0	0.0	12.0	2.0	0.0	0.0	0.0	15.0	0.0	0.0	0.0	0.0	0.0	0.0	0.0	0.0	0.0	8.0	0.0	0.0	0.0	0.0	0.0	0.0	0.0	0.0	6.0	0.0	0.0	0.0	0.0
ASV_3199	0.0	0.0	0.0	0.0	0.0	0.0	0.0	16.0	2.0	0.0	0.0	0.0	8.0	0.0	0.0	0.0	0.0	0.0	0.0	0.0	0.0	0.0	6.0	0.0	0.0	0.0	0.0	0.0	0.0	0.0	0.0	11.0	0.0	0.0	0.0	0.0
ASV_3204	0.0	0.0	0.0	0.0	0.0	0.0	0.0	0.0	0.0	0.0	4.0	0.0	5.0	6.0	0.0	5.0	0.0	0.0	0.0	0.0	19.0	0.0	0.0	0.0	0.0	0.0	0.0	0.0	0.0	0.0	0.0	4.0	0.0	0.0	0.0	0.0
ASV_3205	0.0	0.0	0.0	0.0	0.0	0.0	0.0	0.0	0.0	0.0	4.0	0.0	0.0	7.0	0.0	16.0	0.0	0.0	0.0	0.0	16.0	0.0	0.0	0.0	0.0	0.0	0.0	0.0	0.0	0.0	0.0	0.0	0.0	0.0	0.0	0.0
ASV_3212	0.0	0.0	9.0	0.0	0.0	0.0	0.0	0.0	8.0	0.0	0.0	14.0	0.0	0.0	0.0	0.0	12.0	0.0	0.0	0.0	0.0	0.0	0.0	0.0	0.0	0.0	0.0	0.0	0.0	0.0	0.0	0.0	0.0	0.0	0.0	0.0
ASV_3214	0.0	0.0	2.0	0.0	0.0	0.0	0.0	0.0	17.0	0.0	0.0	7.0	0.0	2.0	0.0	0.0	0.0	0.0	0.0	0.0	15.0	0.0	0.0	0.0	0.0	0.0	0.0	0.0	0.0	0.0	0.0	0.0	0.0	0.0	0.0	0.0
ASV_3216	0.0	0.0	0.0	4.0	0.0	0.0	0.0	0.0	0.0	0.0	4.0	0.0	0.0	0.0	0.0	33.0	0.0	0.0	0.0	0.0	0.0	2.0	0.0	0.0	0.0	0.0	0.0	0.0	0.0	0.0	0.0	0.0	0.0	0.0	0.0	0.0
ASV_3217	0.0	14.0	0.0	0.0	0.0	0.0	0.0	0.0	0.0	0.0	0.0	0.0	0.0	0.0	7.0	0.0	0.0	0.0	0.0	0.0	0.0	0.0	0.0	0.0	0.0	22.0	0.0	0.0	0.0	0.0	0.0	0.0	0.0	0.0	0.0	0.0
ASV_3218	0.0	0.0	0.0	0.0	0.0	0.0	0.0	20.0	0.0	2.0	0.0	0.0	3.0	0.0	0.0	0.0	6.0	0.0	0.0	0.0	0.0	0.0	2.0	0.0	0.0	0.0	0.0	0.0	0.0	0.0	0.0	10.0	0.0	0.0	0.0	0.0
ASV_3225	0.0	0.0	0.0	2.0	0.0	0.0	0.0	0.0	0.0	0.0	2.0	0.0	2.0	11.0	0.0	16.0	0.0	0.0	3.0	0.0	7.0	0.0	0.0	0.0	0.0	0.0	0.0	0.0	0.0	0.0	0.0	0.0	0.0	0.0	0.0	0.0
ASV_3226	0.0	0.0	6.0	0.0	0.0	0.0	0.0	4.0	0.0	0.0	0.0	1.0	8.0	0.0	0.0	0.0	0.0	0.0	0.0	0.0	0.0	0.0	7.0	0.0	0.0	0.0	0.0	0.0	0.0	0.0	0.0	17.0	0.0	0.0	0.0	0.0
ASV_3230	2.0	1.0	0.0	0.0	13.0	0.0	0.0	0.0	0.0	0.0	0.0	0.0	0.0	0.0	5.0	0.0	0.0	3.0	0.0	0.0	0.0	4.0	0.0	0.0	8.0	2.0	0.0	0.0	0.0	0.0	0.0	0.0	0.0	0.0	5.0	0.0
ASV_3231	0.0	0.0	0.0	2.0	0.0	0.0	0.0	1.0	0.0	0.0	4.0	0.0	5.0	9.0	0.0	3.0	1.0	0.0	0.0	0.0	18.0	0.0	0.0	0.0	0.0	0.0	0.0	0.0	0.0	0.0	0.0	0.0	0.0	0.0	0.0	0.0
ASV_3260	0.0	0.0	3.0	0.0	0.0	0.0	0.0	6.0	0.0	2.0	0.0	0.0	18.0	0.0	0.0	0.0	0.0	0.0	0.0	0.0	0.0	0.0	7.0	0.0	0.0	0.0	0.0	0.0	0.0	0.0	0.0	6.0	0.0	0.0	0.0	0.0
ASV_3261	0.0	0.0	3.0	0.0	0.0	0.0	0.0	5.0	9.0	0.0	0.0	7.0	0.0	0.0	0.0	0.0	7.0	0.0	0.0	0.0	0.0	0.0	6.0	0.0	0.0	0.0	0.0	0.0	0.0	0.0	0.0	5.0	0.0	0.0	0.0	0.0
ASV_3262	0.0	0.0	3.0	0.0	0.0	1.0	0.0	6.0	3.0	1.0	0.0	2.0	7.0	2.0	0.0	0.0	0.0	0.0	0.0	0.0	3.0	0.0	5.0	0.0	0.0	0.0	0.0	0.0	0.0	0.0	0.0	9.0	0.0	0.0	0.0	0.0
ASV_3264	0.0	0.0	3.0	0.0	0.0	8.0	0.0	0.0	7.0	0.0	0.0	19.0	0.0	0.0	0.0	0.0	5.0	0.0	0.0	0.0	0.0	0.0	0.0	0.0	0.0	0.0	0.0	0.0	0.0	0.0	0.0	0.0	0.0	0.0	0.0	0.0
ASV_3265	0.0	0.0	1.0	0.0	4.0	2.0	0.0	1.0	1.0	0.0	0.0	9.0	1.0	0.0	0.0	0.0	0.0	4.0	0.0	0.0	0.0	6.0	1.0	0.0	6.0	0.0	0.0	0.0	0.0	4.0	0.0	2.0	0.0	0.0	0.0	0.0
ASV_3266	6.0	10.0	0.0	0.0	0.0	0.0	0.0	0.0	0.0	0.0	0.0	0.0	0.0	0.0	12.0	0.0	0.0	0.0	0.0	0.0	0.0	0.0	0.0	0.0	0.0	7.0	0.0	0.0	0.0	0.0	0.0	0.0	0.0	0.0	7.0	0.0
ASV_3267	0.0	0.0	0.0	2.0	0.0	0.0	0.0	0.0	0.0	0.0	6.0	0.0	0.0	3.0	0.0	0.0	0.0	0.0	6.0	0.0	25.0	0.0	0.0	0.0	0.0	0.0	0.0	0.0	0.0	0.0	0.0	0.0	0.0	0.0	0.0	0.0
ASV_3275	0.0	0.0	0.0	0.0	0.0	0.0	0.0	4.0	0.0	0.0	0.0	0.0	12.0	0.0	0.0	0.0	0.0	0.0	0.0	0.0	0.0	0.0	9.0	0.0	0.0	0.0	0.0	0.0	0.0	0.0	0.0	17.0	0.0	0.0	0.0	0.0
ASV_3276	0.0	0.0	0.0	0.0	0.0	0.0	0.0	4.0	0.0	2.0	0.0	4.0	10.0	0.0	0.0	0.0	3.0	0.0	0.0	0.0	0.0	0.0	9.0	0.0	0.0	0.0	0.0	0.0	0.0	0.0	0.0	10.0	0.0	0.0	0.0	0.0
ASV_3280	0.0	0.0	3.0	0.0	8.0	2.0	0.0	0.0	2.0	0.0	0.0	3.0	2.0	0.0	0.0	0.0	8.0	0.0	0.0	0.0	0.0	8.0	2.0	0.0	4.0	0.0	0.0	0.0	0.0	0.0	0.0	0.0	0.0	0.0	0.0	0.0
ASV_3283	0.0	0.0	0.0	0.0	0.0	0.0	0.0	0.0	0.0	0.0	3.0	0.0	0.0	16.0	0.0	2.0	0.0	0.0	5.0	0.0	16.0	0.0	0.0	0.0	0.0	0.0	0.0	0.0	0.0	0.0	0.0	0.0	0.0	0.0	0.0	0.0
ASV_3285	0.0	0.0	0.0	0.0	15.0	0.0	0.0	0.0	0.0	0.0	0.0	0.0	9.0	0.0	0.0	0.0	0.0	0.0	0.0	0.0	0.0	7.0	2.0	0.0	5.0	0.0	0.0	0.0	0.0	2.0	0.0	2.0	0.0	0.0	0.0	0.0
ASV_3291	0.0	0.0	0.0	6.0	0.0	0.0	0.0	0.0	0.0	0.0	7.0	0.0	5.0	8.0	0.0	9.0	0.0	0.0	0.0	0.0	6.0	0.0	0.0	0.0	0.0	0.0	0.0	0.0	0.0	0.0	0.0	0.0	0.0	0.0	0.0	0.0
ASV_3295	0.0	0.0	0.0	0.0	8.0	0.0	0.0	0.0	0.0	0.0	0.0	0.0	0.0	2.0	0.0	0.0	0.0	5.0	0.0	0.0	0.0	10.0	0.0	0.0	6.0	0.0	0.0	0.0	0.0	10.0	0.0	0.0	0.0	0.0	0.0	0.0
ASV_3296	0.0	0.0	0.0	3.0	0.0	0.0	0.0	0.0	0.0	0.0	12.0	0.0	0.0	5.0	0.0	6.0	0.0	0.0	0.0	0.0	15.0	0.0	0.0	0.0	0.0	0.0	0.0	0.0	0.0	0.0	0.0	0.0	0.0	0.0	0.0	0.0
ASV_3298	0.0	0.0	20.0	0.0	0.0	2.0	0.0	0.0	10.0	0.0	0.0	5.0	0.0	0.0	0.0	0.0	4.0	0.0	0.0	0.0	0.0	0.0	0.0	0.0	0.0	0.0	0.0	0.0	0.0	0.0	0.0	0.0	0.0	0.0	0.0	0.0
ASV_3317	0.0	0.0	5.0	0.0	0.0	0.0	0.0	0.0	6.0	0.0	0.0	2.0	10.0	0.0	0.0	0.0	3.0	0.0	0.0	0.0	0.0	0.0	6.0	0.0	0.0	0.0	0.0	0.0	0.0	0.0	0.0	9.0	0.0	0.0	0.0	0.0
ASV_3318	4.0	6.0	0.0	3.0	0.0	0.0	0.0	0.0	0.0	0.0	0.0	2.0	0.0	0.0	8.0	0.0	2.0	0.0	2.0	0.0	0.0	0.0	0.0	0.0	0.0	4.0	0.0	0.0	0.0	2.0	0.0	0.0	0.0	0.0	8.0	0.0
ASV_3324	0.0	0.0	0.0	0.0	0.0	0.0	14.0	0.0	0.0	0.0	0.0	0.0	0.0	0.0	0.0	0.0	0.0	0.0	0.0	10.0	0.0	0.0	0.0	0.0	0.0	0.0	11.0	0.0	0.0	0.0	0.0	0.0	6.0	0.0	0.0	0.0
ASV_3329	0.0	0.0	0.0	0.0	0.0	0.0	0.0	8.0	0.0	2.0	0.0	0.0	14.0	0.0	0.0	0.0	0.0	0.0	0.0	0.0	0.0	0.0	7.0	0.0	0.0	0.0	0.0	0.0	0.0	0.0	0.0	10.0	0.0	0.0	0.0	0.0
ASV_3330	0.0	0.0	0.0	0.0	0.0	0.0	0.0	2.0	0.0	5.0	0.0	0.0	8.0	0.0	0.0	0.0	0.0	0.0	0.0	0.0	0.0	0.0	6.0	0.0	0.0	0.0	0.0	0.0	0.0	0.0	0.0	20.0	0.0	0.0	0.0	0.0
ASV_3344	0.0	0.0	0.0	0.0	0.0	0.0	17.0	0.0	0.0	0.0	0.0	0.0	0.0	0.0	0.0	0.0	0.0	0.0	0.0	9.0	0.0	0.0	0.0	0.0	0.0	0.0	0.0	13.0	0.0	0.0	0.0	0.0	1.0	0.0	0.0	0.0
ASV_3348	0.0	0.0	0.0	0.0	0.0	0.0	0.0	2.0	0.0	2.0	0.0	0.0	9.0	0.0	0.0	0.0	2.0	0.0	0.0	0.0	0.0	0.0	13.0	0.0	0.0	0.0	0.0	0.0	0.0	0.0	0.0	12.0	0.0	0.0	0.0	0.0
ASV_3361	0.0	0.0	0.0	0.0	0.0	0.0	0.0	0.0	0.0	0.0	9.0	0.0	0.0	14.0	0.0	6.0	0.0	0.0	3.0	0.0	6.0	0.0	0.0	0.0	0.0	0.0	0.0	0.0	0.0	0.0	0.0	2.0	0.0	0.0	0.0	0.0
ASV_3363	0.0	0.0	0.0	0.0	0.0	0.0	0.0	16.0	0.0	2.0	0.0	0.0	7.0	0.0	0.0	0.0	0.0	0.0	0.0	0.0	0.0	0.0	5.0	0.0	0.0	0.0	0.0	0.0	0.0	0.0	0.0	10.0	0.0	0.0	0.0	0.0
ASV_3365	0.0	0.0	0.0	0.0	0.0	0.0	0.0	11.0	0.0	0.0	0.0	0.0	11.0	0.0	0.0	0.0	0.0	0.0	0.0	0.0	0.0	0.0	6.0	0.0	0.0	0.0	0.0	0.0	0.0	0.0	0.0	12.0	0.0	0.0	0.0	0.0
ASV_3367	0.0	0.0	0.0	0.0	0.0	0.0	0.0	0.0	0.0	0.0	2.0	0.0	0.0	12.0	0.0	7.0	0.0	0.0	0.0	0.0	19.0	0.0	0.0	0.0	0.0	0.0	0.0	0.0	0.0	0.0	0.0	0.0	0.0	0.0	0.0	0.0
ASV_3368	0.0	0.0	0.0	0.0	0.0	0.0	0.0	6.0	0.0	3.0	0.0	3.0	4.0	0.0	0.0	3.0	0.0	0.0	0.0	0.0	0.0	0.0	10.0	0.0	0.0	0.0	0.0	0.0	0.0	0.0	0.0	11.0	0.0	0.0	0.0	0.0
ASV_3372	0.0	0.0	0.0	6.0	0.0	0.0	0.0	0.0	0.0	0.0	8.0	0.0	0.0	0.0	0.0	2.0	0.0	0.0	6.0	0.0	18.0	0.0	0.0	0.0	0.0	0.0	0.0	0.0	0.0	0.0	0.0	0.0	0.0	0.0	0.0	0.0
ASV_3380	0.0	0.0	0.0	0.0	0.0	0.0	0.0	0.0	0.0	0.0	0.0	0.0	0.0	0.0	0.0	0.0	0.0	0.0	0.0	0.0	0.0	0.0	0.0	8.0	0.0	0.0	0.0	0.0	0.0	0.0	0.0	0.0	0.0	20.0	0.0	11.0
ASV_3383	0.0	0.0	0.0	0.0	0.0	0.0	0.0	0.0	0.0	0.0	0.0	0.0	0.0	0.0	0.0	0.0	0.0	0.0	0.0	0.0	0.0	39.0	0.0	0.0	0.0	0.0	0.0	0.0	0.0	0.0	0.0	0.0	0.0	0.0	0.0	0.0
ASV_3385	0.0	0.0	0.0	0.0	0.0	39.0	0.0	0.0	0.0	0.0	0.0	0.0	0.0	0.0	0.0	0.0	0.0	0.0	0.0	0.0	0.0	0.0	0.0	0.0	0.0	0.0	0.0	0.0	0.0	0.0	0.0	0.0	0.0	0.0	0.0	0.0
ASV_3387	0.0	0.0	0.0	0.0	0.0	0.0	0.0	8.0	0.0	0.0	0.0	0.0	11.0	0.0	0.0	0.0	0.0	0.0	0.0	0.0	0.0	0.0	8.0	0.0	0.0	0.0	0.0	0.0	0.0	0.0	0.0	12.0	0.0	0.0	0.0	0.0
ASV_3388	0.0	0.0	3.0	0.0	0.0	0.0	0.0	9.0	0.0	3.0	0.0	0.0	16.0	0.0	0.0	0.0	0.0	0.0	0.0	0.0	0.0	0.0	0.0	0.0	0.0	0.0	0.0	0.0	0.0	0.0	0.0	8.0	0.0	0.0	0.0	0.0
ASV_3396	7.0	5.0	0.0	0.0	0.0	0.0	0.0	0.0	0.0	0.0	0.0	0.0	0.0	0.0	9.0	0.0	0.0	0.0	0.0	0.0	0.0	0.0	0.0	0.0	0.0	10.0	0.0	0.0	0.0	0.0	0.0	0.0	0.0	0.0	8.0	0.0
ASV_3400	0.0	0.0	0.0	2.0	0.0	0.0	0.0	0.0	0.0	0.0	2.0	0.0	12.0	3.0	0.0	0.0	0.0	0.0	0.0	0.0	0.0	0.0	7.0	0.0	0.0	0.0	0.0	0.0	0.0	0.0	0.0	13.0	0.0	0.0	0.0	0.0
ASV_3401	0.0	0.0	0.0	0.0	0.0	0.0	0.0	3.0	0.0	0.0	0.0	0.0	3.0	0.0	0.0	2.0	0.0	0.0	0.0	0.0	4.0	10.0	0.0	0.0	11.0	0.0	0.0	0.0	0.0	4.0	0.0	2.0	0.0	0.0	0.0	0.0
ASV_3402	0.0	0.0	0.0	0.0	0.0	0.0	0.0	7.0	0.0	2.0	0.0	0.0	0.0	0.0	0.0	0.0	0.0	0.0	0.0	0.0	0.0	0.0	12.0	0.0	0.0	0.0	0.0	0.0	0.0	0.0	0.0	18.0	0.0	0.0	0.0	0.0
ASV_3405	0.0	0.0	0.0	6.0	0.0	0.0	0.0	1.0	0.0	0.0	4.0	0.0	2.0	8.0	0.0	11.0	0.0	0.0	0.0	0.0	7.0	0.0	0.0	0.0	0.0	0.0	0.0	0.0	0.0	0.0	0.0	0.0	0.0	0.0	0.0	0.0
ASV_3420	0.0	0.0	4.0	0.0	0.0	0.0	0.0	10.0	0.0	3.0	0.0	0.0	8.0	2.0	0.0	0.0	0.0	0.0	0.0	0.0	0.0	0.0	2.0	0.0	0.0	0.0	0.0	0.0	0.0	0.0	0.0	9.0	0.0	0.0	0.0	0.0
ASV_3438	0.0	0.0	0.0	0.0	34.0	0.0	0.0	0.0	0.0	0.0	0.0	0.0	0.0	0.0	0.0	0.0	0.0	0.0	0.0	0.0	0.0	0.0	0.0	0.0	0.0	0.0	0.0	0.0	0.0	4.0	0.0	0.0	0.0	0.0	0.0	0.0
ASV_3440	0.0	0.0	0.0	0.0	0.0	0.0	0.0	5.0	0.0	4.0	0.0	0.0	10.0	0.0	0.0	0.0	0.0	0.0	0.0	0.0	0.0	0.0	7.0	0.0	0.0	0.0	0.0	0.0	0.0	0.0	0.0	12.0	0.0	0.0	0.0	0.0
ASV_3443	0.0	0.0	10.0	0.0	0.0	1.0	0.0	0.0	0.0	0.0	0.0	14.0	0.0	0.0	0.0	0.0	13.0	0.0	0.0	0.0	0.0	0.0	0.0	0.0	0.0	0.0	0.0	0.0	0.0	0.0	0.0	0.0	0.0	0.0	0.0	0.0
ASV_3446	0.0	0.0	10.0	0.0	0.0	0.0	0.0	0.0	3.0	0.0	0.0	0.0	0.0	0.0	0.0	0.0	25.0	0.0	0.0	0.0	0.0	0.0	0.0	0.0	0.0	0.0	0.0	0.0	0.0	0.0	0.0	0.0	0.0	0.0	0.0	0.0
ASV_3448	0.0	0.0	0.0	0.0	0.0	2.0	0.0	5.0	4.0	3.0	0.0	6.0	6.0	0.0	0.0	0.0	0.0	0.0	0.0	0.0	0.0	0.0	3.0	0.0	0.0	0.0	0.0	0.0	0.0	4.0	0.0	5.0	0.0	0.0	0.0	0.0
ASV_3450	0.0	0.0	0.0	0.0	0.0	0.0	0.0	8.0	0.0	0.0	0.0	0.0	9.0	4.0	0.0	0.0	0.0	0.0	0.0	0.0	0.0	0.0	5.0	0.0	0.0	0.0	0.0	0.0	0.0	0.0	0.0	12.0	0.0	0.0	0.0	0.0
ASV_3451	0.0	0.0	0.0	0.0	0.0	0.0	0.0	4.0	0.0	2.0	0.0	0.0	11.0	0.0	0.0	0.0	0.0	0.0	0.0	0.0	0.0	0.0	11.0	0.0	0.0	0.0	0.0	0.0	0.0	0.0	0.0	10.0	0.0	0.0	0.0	0.0
ASV_3453	0.0	0.0	0.0	0.0	0.0	0.0	0.0	0.0	0.0	0.0	0.0	0.0	0.0	0.0	0.0	0.0	0.0	0.0	0.0	0.0	37.0	0.0	0.0	0.0	0.0	0.0	0.0	0.0	0.0	0.0	0.0	0.0	0.0	0.0	0.0	0.0
ASV_3455	0.0	0.0	0.0	0.0	0.0	0.0	0.0	11.0	0.0	3.0	0.0	0.0	7.0	0.0	0.0	0.0	0.0	0.0	0.0	0.0	0.0	0.0	9.0	0.0	0.0	0.0	0.0	0.0	0.0	0.0	0.0	7.0	0.0	0.0	0.0	0.0
ASV_3457	0.0	0.0	6.0	0.0	0.0	1.0	0.0	0.0	0.0	0.0	0.0	0.0	0.0	0.0	0.0	0.0	30.0	0.0	0.0	0.0	0.0	0.0	0.0	0.0	0.0	0.0	0.0	0.0	0.0	0.0	0.0	0.0	0.0	0.0	0.0	0.0
ASV_3459	0.0	0.0	5.0	0.0	0.0	0.0	0.0	5.0	0.0	4.0	0.0	0.0	7.0	0.0	0.0	0.0	0.0	0.0	0.0	0.0	0.0	0.0	5.0	0.0	0.0	0.0	0.0	0.0	0.0	2.0	0.0	9.0	0.0	0.0	0.0	0.0
ASV_3460	0.0	0.0	5.0	0.0	0.0	2.0	0.0	0.0	2.0	0.0	0.0	8.0	7.0	0.0	0.0	0.0	11.0	0.0	0.0	0.0	0.0	0.0	0.0	0.0	0.0	0.0	0.0	0.0	0.0	0.0	0.0	2.0	0.0	0.0	0.0	0.0
ASV_3478	0.0	0.0	0.0	0.0	0.0	0.0	0.0	2.0	0.0	0.0	0.0	0.0	14.0	0.0	0.0	4.0	0.0	0.0	0.0	0.0	3.0	0.0	3.0	0.0	0.0	0.0	0.0	0.0	0.0	0.0	0.0	11.0	0.0	0.0	0.0	0.0
ASV_3486	0.0	0.0	0.0	0.0	8.0	0.0	0.0	0.0	2.0	0.0	0.0	0.0	0.0	0.0	0.0	0.0	0.0	0.0	0.0	0.0	0.0	8.0	0.0	0.0	9.0	0.0	0.0	0.0	0.0	10.0	0.0	0.0	0.0	0.0	0.0	0.0
ASV_3487	0.0	4.0	0.0	0.0	4.0	0.0	0.0	0.0	0.0	0.0	0.0	0.0	0.0	0.0	5.0	0.0	0.0	7.0	0.0	0.0	0.0	6.0	0.0	0.0	7.0	0.0	0.0	0.0	0.0	4.0	0.0	0.0	0.0	0.0	0.0	0.0
ASV_3498	0.0	0.0	3.0	0.0	0.0	2.0	0.0	0.0	18.0	0.0	0.0	8.0	0.0	0.0	0.0	0.0	5.0	0.0	0.0	0.0	0.0	0.0	0.0	0.0	0.0	0.0	0.0	0.0	0.0	0.0	0.0	0.0	0.0	0.0	0.0	0.0
ASV_3500	0.0	0.0	0.0	0.0	9.0	0.0	0.0	0.0	0.0	0.0	0.0	0.0	0.0	0.0	0.0	0.0	0.0	0.0	0.0	0.0	0.0	4.0	0.0	0.0	12.0	0.0	0.0	0.0	0.0	11.0	0.0	0.0	0.0	0.0	0.0	0.0
ASV_3504	0.0	0.0	0.0	0.0	0.0	0.0	0.0	0.0	0.0	0.0	0.0	0.0	24.0	0.0	0.0	0.0	0.0	0.0	0.0	0.0	4.0	0.0	4.0	0.0	0.0	0.0	0.0	0.0	0.0	0.0	0.0	4.0	0.0	0.0	0.0	0.0
ASV_3505	0.0	0.0	0.0	0.0	0.0	0.0	0.0	0.0	0.0	0.0	0.0	0.0	0.0	14.0	0.0	10.0	0.0	0.0	0.0	0.0	12.0	0.0	0.0	0.0	0.0	0.0	0.0	0.0	0.0	0.0	0.0	0.0	0.0	0.0	0.0	0.0
ASV_3507	0.0	0.0	0.0	0.0	15.0	0.0	0.0	0.0	0.0	0.0	0.0	0.0	0.0	0.0	0.0	0.0	0.0	2.0	0.0	0.0	0.0	7.0	0.0	0.0	8.0	0.0	0.0	0.0	0.0	4.0	0.0	0.0	0.0	0.0	0.0	0.0
ASV_3517	0.0	0.0	3.0	0.0	0.0	0.0	0.0	0.0	9.0	0.0	0.0	14.0	0.0	0.0	0.0	0.0	6.0	0.0	0.0	0.0	0.0	2.0	0.0	0.0	0.0	0.0	0.0	0.0	0.0	2.0	0.0	0.0	0.0	0.0	0.0	0.0
ASV_3525	0.0	0.0	2.0	0.0	3.0	0.0	0.0	3.0	0.0	8.0	0.0	0.0	4.0	0.0	0.0	0.0	5.0	0.0	0.0	0.0	0.0	2.0	0.0	0.0	2.0	0.0	0.0	0.0	0.0	0.0	0.0	7.0	0.0	0.0	0.0	0.0
ASV_3527	0.0	0.0	0.0	0.0	15.0	0.0	0.0	0.0	0.0	0.0	0.0	0.0	0.0	0.0	0.0	0.0	0.0	2.0	0.0	0.0	0.0	7.0	0.0	0.0	3.0	0.0	0.0	0.0	0.0	9.0	0.0	0.0	0.0	0.0	0.0	0.0
ASV_3532	0.0	0.0	0.0	2.0	4.0	0.0	0.0	0.0	0.0	0.0	7.0	0.0	0.0	0.0	0.0	4.0	0.0	0.0	0.0	0.0	11.0	3.0	0.0	0.0	0.0	0.0	0.0	0.0	0.0	5.0	0.0	0.0	0.0	0.0	0.0	0.0
ASV_3540	0.0	0.0	0.0	0.0	0.0	0.0	0.0	11.0	0.0	0.0	0.0	0.0	6.0	0.0	0.0	2.0	0.0	0.0	0.0	0.0	0.0	0.0	11.0	0.0	0.0	0.0	0.0	0.0	0.0	0.0	0.0	6.0	0.0	0.0	0.0	0.0
ASV_3542	0.0	0.0	0.0	0.0	0.0	0.0	0.0	14.0	0.0	0.0	0.0	0.0	5.0	0.0	0.0	0.0	0.0	0.0	0.0	0.0	0.0	0.0	6.0	0.0	0.0	0.0	0.0	0.0	0.0	0.0	0.0	11.0	0.0	0.0	0.0	0.0
ASV_3543	2.0	3.0	3.0	0.0	0.0	3.0	0.0	0.0	0.0	0.0	0.0	6.0	0.0	0.0	6.0	0.0	6.0	0.0	0.0	0.0	0.0	0.0	0.0	0.0	0.0	2.0	0.0	0.0	0.0	0.0	0.0	0.0	0.0	0.0	5.0	0.0
ASV_3551	0.0	0.0	0.0	0.0	0.0	0.0	1.0	0.0	0.0	0.0	0.0	0.0	0.0	0.0	0.0	0.0	0.0	0.0	0.0	0.0	0.0	0.0	0.0	0.0	0.0	0.0	5.0	1.0	0.0	0.0	0.0	0.0	29.0	0.0	0.0	0.0
ASV_3556	0.0	0.0	3.0	1.0	0.0	0.0	0.0	0.0	8.0	0.0	0.0	3.0	0.0	5.0	0.0	2.0	11.0	0.0	2.0	0.0	0.0	0.0	0.0	0.0	0.0	0.0	0.0	0.0	0.0	0.0	0.0	0.0	0.0	0.0	0.0	0.0
ASV_3557	0.0	5.0	0.0	0.0	6.0	0.0	0.0	0.0	0.0	0.0	0.0	0.0	0.0	0.0	1.0	0.0	0.0	0.0	0.0	0.0	0.0	5.0	0.0	0.0	5.0	6.0	0.0	0.0	0.0	3.0	0.0	0.0	0.0	0.0	4.0	0.0
ASV_3569	0.0	0.0	0.0	0.0	6.0	0.0	0.0	0.0	0.0	0.0	0.0	0.0	0.0	0.0	0.0	0.0	0.0	3.0	0.0	0.0	0.0	13.0	0.0	0.0	7.0	0.0	0.0	0.0	0.0	6.0	0.0	0.0	0.0	0.0	0.0	0.0
ASV_3572	0.0	0.0	0.0	5.0	0.0	0.0	0.0	0.0	0.0	0.0	2.0	0.0	0.0	7.0	0.0	11.0	0.0	0.0	0.0	0.0	10.0	0.0	0.0	0.0	0.0	0.0	0.0	0.0	0.0	0.0	0.0	0.0	0.0	0.0	0.0	0.0
ASV_3593	0.0	0.0	5.0	0.0	0.0	5.0	0.0	0.0	10.0	0.0	2.0	3.0	0.0	1.0	0.0	1.0	1.0	2.0	0.0	0.0	0.0	5.0	0.0	0.0	0.0	0.0	0.0	0.0	0.0	0.0	0.0	0.0	0.0	0.0	0.0	0.0
ASV_3598	0.0	0.0	0.0	7.0	0.0	0.0	0.0	0.0	0.0	0.0	0.0	0.0	0.0	0.0	0.0	25.0	0.0	0.0	3.0	0.0	0.0	0.0	0.0	0.0	0.0	0.0	0.0	0.0	0.0	0.0	0.0	0.0	0.0	0.0	0.0	0.0
ASV_3599	0.0	0.0	0.0	0.0	0.0	0.0	20.0	0.0	0.0	0.0	0.0	0.0	0.0	0.0	0.0	0.0	0.0	0.0	0.0	15.0	0.0	0.0	0.0	0.0	0.0	0.0	0.0	0.0	0.0	0.0	0.0	0.0	0.0	0.0	0.0	0.0
ASV_3612	0.0	0.0	0.0	0.0	0.0	0.0	7.0	0.0	0.0	0.0	0.0	0.0	0.0	0.0	0.0	0.0	0.0	0.0	0.0	6.0	0.0	0.0	0.0	9.0	0.0	0.0	0.0	0.0	0.0	0.0	0.0	0.0	3.0	1.0	0.0	8.0
ASV_3613	5.0	14.0	0.0	0.0	0.0	0.0	0.0	0.0	0.0	0.0	0.0	0.0	0.0	0.0	7.0	0.0	0.0	0.0	0.0	0.0	0.0	0.0	0.0	0.0	0.0	5.0	0.0	0.0	0.0	0.0	0.0	0.0	0.0	0.0	3.0	0.0
ASV_3639	0.0	0.0	0.0	2.0	0.0	0.0	0.0	0.0	0.0	0.0	0.0	0.0	0.0	8.0	0.0	9.0	0.0	0.0	0.0	0.0	12.0	0.0	3.0	0.0	0.0	0.0	0.0	0.0	0.0	0.0	0.0	0.0	0.0	0.0	0.0	0.0
ASV_3642	0.0	0.0	0.0	0.0	0.0	0.0	0.0	0.0	4.0	0.0	0.0	8.0	3.0	0.0	0.0	0.0	5.0	0.0	0.0	0.0	0.0	0.0	0.0	0.0	0.0	0.0	0.0	0.0	0.0	0.0	0.0	14.0	0.0	0.0	0.0	0.0
ASV_3646	0.0	0.0	0.0	0.0	13.0	0.0	0.0	0.0	0.0	0.0	0.0	0.0	0.0	0.0	0.0	0.0	0.0	3.0	0.0	0.0	0.0	9.0	0.0	0.0	5.0	0.0	0.0	0.0	0.0	4.0	0.0	0.0	0.0	0.0	0.0	0.0
ASV_3647	0.0	0.0	7.0	0.0	0.0	0.0	0.0	0.0	2.0	0.0	0.0	8.0	0.0	0.0	0.0	0.0	17.0	0.0	0.0	0.0	0.0	0.0	0.0	0.0	0.0	0.0	0.0	0.0	0.0	0.0	0.0	0.0	0.0	0.0	0.0	0.0
ASV_3648	0.0	0.0	0.0	0.0	4.0	2.0	0.0	0.0	7.0	0.0	0.0	8.0	0.0	0.0	0.0	0.0	5.0	0.0	0.0	0.0	0.0	2.0	0.0	0.0	2.0	0.0	0.0	0.0	0.0	4.0	0.0	0.0	0.0	0.0	0.0	0.0
ASV_3650	0.0	0.0	0.0	0.0	0.0	0.0	0.0	0.0	0.0	3.0	0.0	0.0	11.0	0.0	0.0	0.0	0.0	0.0	0.0	0.0	0.0	0.0	9.0	0.0	0.0	0.0	0.0	0.0	0.0	2.0	0.0	9.0	0.0	0.0	0.0	0.0
ASV_3651	0.0	0.0	3.0	0.0	0.0	5.0	0.0	0.0	0.0	0.0	0.0	5.0	0.0	0.0	0.0	0.0	14.0	0.0	0.0	0.0	0.0	0.0	7.0	0.0	0.0	0.0	0.0	0.0	0.0	0.0	0.0	0.0	0.0	0.0	0.0	0.0
ASV_3653	0.0	0.0	0.0	0.0	0.0	0.0	0.0	9.0	0.0	3.0	0.0	0.0	8.0	2.0	0.0	0.0	0.0	0.0	0.0	0.0	0.0	0.0	7.0	0.0	0.0	0.0	0.0	0.0	0.0	0.0	0.0	5.0	0.0	0.0	0.0	0.0
ASV_3660	0.0	0.0	6.0	0.0	0.0	3.0	0.0	0.0	3.0	2.0	0.0	9.0	4.0	0.0	0.0	0.0	6.0	0.0	0.0	0.0	0.0	0.0	0.0	0.0	0.0	0.0	0.0	0.0	0.0	0.0	0.0	0.0	0.0	0.0	0.0	0.0
ASV_3661	0.0	0.0	0.0	0.0	0.0	0.0	0.0	0.0	0.0	0.0	0.0	0.0	0.0	0.0	0.0	0.0	0.0	0.0	0.0	13.0	0.0	0.0	0.0	0.0	0.0	0.0	12.0	1.0	0.0	0.0	0.0	0.0	7.0	0.0	0.0	0.0
ASV_3667	0.0	0.0	0.0	0.0	0.0	0.0	0.0	8.0	0.0	0.0	0.0	0.0	13.0	0.0	0.0	0.0	0.0	0.0	0.0	0.0	0.0	0.0	3.0	0.0	2.0	0.0	0.0	0.0	0.0	0.0	0.0	7.0	0.0	0.0	0.0	0.0
ASV_3668	0.0	0.0	0.0	0.0	0.0	0.0	0.0	0.0	0.0	0.0	0.0	0.0	0.0	0.0	0.0	0.0	0.0	0.0	0.0	0.0	33.0	0.0	0.0	0.0	0.0	0.0	0.0	0.0	0.0	0.0	0.0	0.0	0.0	0.0	0.0	0.0
ASV_3691	0.0	0.0	0.0	0.0	0.0	0.0	0.0	6.0	2.0	2.0	0.0	0.0	5.0	0.0	0.0	5.0	3.0	0.0	0.0	0.0	0.0	2.0	4.0	0.0	0.0	0.0	0.0	0.0	0.0	0.0	0.0	4.0	0.0	0.0	0.0	0.0
ASV_3693	0.0	0.0	0.0	0.0	7.0	0.0	0.0	0.0	0.0	0.0	0.0	0.0	0.0	0.0	0.0	3.0	0.0	2.0	0.0	0.0	0.0	11.0	0.0	0.0	4.0	0.0	0.0	0.0	0.0	6.0	0.0	0.0	0.0	0.0	0.0	0.0
ASV_3698	0.0	0.0	0.0	0.0	7.0	0.0	0.0	0.0	4.0	0.0	0.0	0.0	0.0	2.0	0.0	0.0	0.0	2.0	0.0	0.0	0.0	5.0	0.0	0.0	7.0	0.0	0.0	0.0	0.0	6.0	0.0	0.0	0.0	0.0	0.0	0.0
ASV_3704	0.0	0.0	0.0	0.0	0.0	0.0	0.0	33.0	0.0	0.0	0.0	0.0	0.0	0.0	0.0	0.0	0.0	0.0	0.0	0.0	0.0	0.0	0.0	0.0	0.0	0.0	0.0	0.0	0.0	0.0	0.0	0.0	0.0	0.0	0.0	0.0
ASV_3705	0.0	0.0	0.0	0.0	0.0	0.0	0.0	4.0	0.0	2.0	0.0	0.0	12.0	4.0	0.0	0.0	0.0	0.0	0.0	0.0	0.0	0.0	1.0	0.0	0.0	0.0	0.0	0.0	0.0	0.0	0.0	10.0	0.0	0.0	0.0	0.0
ASV_3707	0.0	0.0	0.0	0.0	12.0	0.0	0.0	0.0	0.0	0.0	0.0	0.0	0.0	0.0	0.0	0.0	0.0	5.0	0.0	0.0	0.0	6.0	0.0	0.0	10.0	0.0	0.0	0.0	0.0	0.0	0.0	0.0	0.0	0.0	0.0	0.0
ASV_3710	0.0	0.0	2.0	0.0	0.0	2.0	0.0	3.0	0.0	3.0	0.0	8.0	2.0	0.0	0.0	0.0	0.0	0.0	0.0	0.0	0.0	0.0	4.0	0.0	0.0	0.0	0.0	0.0	0.0	0.0	0.0	9.0	0.0	0.0	0.0	0.0
ASV_3714	0.0	0.0	3.0	0.0	0.0	0.0	0.0	0.0	0.0	0.0	0.0	0.0	9.0	0.0	0.0	0.0	0.0	0.0	0.0	0.0	0.0	11.0	0.0	0.0	7.0	0.0	0.0	0.0	0.0	3.0	0.0	0.0	0.0	0.0	0.0	0.0
ASV_3723	0.0	0.0	2.0	0.0	2.0	0.0	0.0	3.0	0.0	0.0	0.0	4.0	3.0	0.0	0.0	0.0	0.0	0.0	0.0	0.0	0.0	5.0	3.0	0.0	3.0	0.0	0.0	0.0	0.0	2.0	0.0	5.0	0.0	0.0	0.0	0.0
ASV_3724	0.0	0.0	0.0	0.0	6.0	0.0	0.0	0.0	0.0	0.0	0.0	0.0	0.0	0.0	0.0	0.0	0.0	0.0	0.0	0.0	0.0	15.0	0.0	0.0	8.0	0.0	0.0	0.0	0.0	3.0	0.0	0.0	0.0	0.0	0.0	0.0
ASV_3726	0.0	0.0	0.0	0.0	0.0	0.0	0.0	18.0	0.0	3.0	0.0	0.0	8.0	0.0	0.0	0.0	0.0	0.0	0.0	0.0	0.0	0.0	1.0	0.0	0.0	0.0	0.0	0.0	0.0	0.0	0.0	2.0	0.0	0.0	0.0	0.0
ASV_3729	0.0	0.0	0.0	0.0	0.0	0.0	0.0	0.0	0.0	0.0	2.0	0.0	0.0	0.0	0.0	2.0	0.0	0.0	0.0	0.0	28.0	0.0	0.0	0.0	0.0	0.0	0.0	0.0	0.0	0.0	0.0	0.0	0.0	0.0	0.0	0.0
ASV_3731	0.0	0.0	2.0	0.0	27.0	0.0	0.0	0.0	0.0	0.0	0.0	0.0	0.0	0.0	0.0	0.0	0.0	0.0	0.0	0.0	0.0	0.0	0.0	0.0	1.0	0.0	0.0	0.0	0.0	0.0	0.0	2.0	0.0	0.0	0.0	0.0
ASV_3742	0.0	0.0	0.0	0.0	8.0	0.0	0.0	0.0	0.0	0.0	0.0	0.0	0.0	0.0	0.0	0.0	0.0	0.0	0.0	0.0	0.0	10.0	0.0	0.0	3.0	0.0	0.0	0.0	0.0	11.0	0.0	0.0	0.0	0.0	0.0	0.0
ASV_3746	0.0	0.0	6.0	0.0	0.0	2.0	0.0	0.0	0.0	0.0	0.0	9.0	0.0	0.0	0.0	0.0	13.0	0.0	0.0	0.0	0.0	0.0	0.0	0.0	0.0	0.0	0.0	0.0	0.0	0.0	0.0	2.0	0.0	0.0	0.0	0.0
ASV_3752	0.0	0.0	4.0	0.0	0.0	6.0	0.0	0.0	0.0	0.0	0.0	4.0	0.0	0.0	0.0	0.0	18.0	0.0	0.0	0.0	0.0	0.0	0.0	0.0	0.0	0.0	0.0	0.0	0.0	0.0	0.0	0.0	0.0	0.0	0.0	0.0
ASV_3755	0.0	0.0	0.0	0.0	0.0	0.0	0.0	7.0	0.0	2.0	0.0	0.0	6.0	0.0	0.0	0.0	0.0	0.0	0.0	0.0	0.0	0.0	4.0	0.0	0.0	0.0	0.0	0.0	0.0	0.0	0.0	13.0	0.0	0.0	0.0	0.0
ASV_3772	0.0	0.0	7.0	0.0	0.0	4.0	0.0	0.0	0.0	0.0	0.0	5.0	0.0	0.0	0.0	0.0	12.0	0.0	0.0	0.0	0.0	0.0	3.0	0.0	0.0	0.0	0.0	0.0	0.0	0.0	0.0	0.0	0.0	0.0	0.0	0.0
ASV_3773	0.0	0.0	0.0	0.0	0.0	0.0	0.0	0.0	0.0	0.0	0.0	0.0	0.0	0.0	0.0	0.0	0.0	0.0	0.0	0.0	0.0	0.0	0.0	0.0	0.0	0.0	0.0	0.0	0.0	0.0	0.0	0.0	0.0	23.0	0.0	8.0
ASV_3774	0.0	0.0	0.0	0.0	0.0	0.0	0.0	2.0	0.0	0.0	0.0	0.0	9.0	0.0	0.0	3.0	0.0	0.0	0.0	0.0	0.0	0.0	11.0	0.0	0.0	0.0	0.0	0.0	0.0	0.0	0.0	6.0	0.0	0.0	0.0	0.0
ASV_3783	0.0	0.0	0.0	0.0	0.0	0.0	0.0	0.0	0.0	0.0	0.0	0.0	5.0	6.0	0.0	10.0	1.0	0.0	0.0	0.0	7.0	0.0	0.0	0.0	0.0	0.0	0.0	0.0	0.0	0.0	0.0	2.0	0.0	0.0	0.0	0.0
ASV_3786	0.0	0.0	0.0	0.0	0.0	0.0	0.0	3.0	2.0	0.0	0.0	0.0	4.0	0.0	0.0	0.0	0.0	0.0	0.0	0.0	0.0	0.0	5.0	0.0	0.0	0.0	0.0	0.0	0.0	0.0	0.0	17.0	0.0	0.0	0.0	0.0
ASV_3792	0.0	0.0	2.0	0.0	0.0	0.0	0.0	0.0	4.0	0.0	0.0	7.0	0.0	0.0	0.0	0.0	16.0	0.0	0.0	0.0	0.0	0.0	0.0	0.0	0.0	0.0	0.0	0.0	0.0	2.0	0.0	0.0	0.0	0.0	0.0	0.0
ASV_3814	0.0	0.0	0.0	0.0	0.0	0.0	0.0	0.0	3.0	0.0	0.0	3.0	4.0	0.0	0.0	0.0	9.0	0.0	0.0	0.0	0.0	0.0	9.0	0.0	0.0	0.0	0.0	0.0	0.0	0.0	0.0	3.0	0.0	0.0	0.0	0.0
ASV_3829	0.0	0.0	11.0	0.0	0.0	5.0	0.0	0.0	7.0	0.0	0.0	4.0	0.0	0.0	0.0	0.0	3.0	0.0	0.0	0.0	0.0	0.0	0.0	0.0	0.0	0.0	0.0	0.0	0.0	0.0	0.0	0.0	0.0	0.0	0.0	0.0
ASV_3835	0.0	0.0	0.0	0.0	4.0	0.0	0.0	0.0	0.0	0.0	0.0	0.0	0.0	0.0	0.0	0.0	0.0	6.0	0.0	0.0	0.0	2.0	0.0	0.0	18.0	0.0	0.0	0.0	0.0	0.0	0.0	0.0	0.0	0.0	0.0	0.0
ASV_3840	0.0	0.0	0.0	0.0	0.0	0.0	0.0	0.0	0.0	2.0	0.0	0.0	12.0	0.0	0.0	0.0	3.0	0.0	0.0	0.0	0.0	0.0	0.0	0.0	0.0	0.0	0.0	0.0	0.0	0.0	0.0	13.0	0.0	0.0	0.0	0.0
ASV_3842	0.0	0.0	0.0	0.0	0.0	0.0	0.0	0.0	0.0	2.0	0.0	16.0	0.0	0.0	0.0	0.0	0.0	0.0	0.0	0.0	0.0	0.0	0.0	0.0	0.0	0.0	0.0	0.0	0.0	0.0	0.0	12.0	0.0	0.0	0.0	0.0
ASV_3850	0.0	0.0	0.0	0.0	0.0	0.0	9.0	0.0	0.0	0.0	0.0	0.0	0.0	0.0	0.0	0.0	0.0	0.0	0.0	0.0	0.0	0.0	0.0	0.0	0.0	0.0	8.0	7.0	0.0	0.0	0.0	0.0	6.0	0.0	0.0	0.0
ASV_3851	0.0	0.0	3.0	0.0	0.0	3.0	0.0	0.0	0.0	2.0	0.0	11.0	4.0	0.0	0.0	0.0	7.0	0.0	0.0	0.0	0.0	0.0	0.0	0.0	0.0	0.0	0.0	0.0	0.0	0.0	0.0	0.0	0.0	0.0	0.0	0.0
ASV_3854	0.0	0.0	3.0	0.0	5.0	0.0	0.0	0.0	0.0	0.0	0.0	6.0	0.0	0.0	0.0	4.0	3.0	0.0	0.0	0.0	0.0	0.0	4.0	0.0	2.0	0.0	0.0	0.0	0.0	0.0	0.0	3.0	0.0	0.0	0.0	0.0
ASV_3858	0.0	0.0	0.0	0.0	0.0	0.0	0.0	7.0	0.0	0.0	0.0	0.0	7.0	0.0	0.0	0.0	0.0	0.0	0.0	0.0	0.0	0.0	8.0	0.0	0.0	0.0	0.0	0.0	0.0	0.0	0.0	8.0	0.0	0.0	0.0	0.0
ASV_3869	0.0	0.0	0.0	0.0	0.0	0.0	0.0	0.0	0.0	0.0	8.0	0.0	0.0	3.0	0.0	0.0	0.0	0.0	0.0	0.0	19.0	0.0	0.0	0.0	0.0	0.0	0.0	0.0	0.0	0.0	0.0	0.0	0.0	0.0	0.0	0.0
ASV_3884	0.0	0.0	0.0	0.0	0.0	0.0	0.0	2.0	0.0	0.0	0.0	0.0	6.0	0.0	0.0	0.0	0.0	0.0	0.0	0.0	0.0	0.0	6.0	0.0	0.0	0.0	0.0	0.0	0.0	0.0	0.0	16.0	0.0	0.0	0.0	0.0
ASV_3885	10.0	7.0	0.0	0.0	0.0	0.0	0.0	0.0	0.0	0.0	0.0	0.0	0.0	0.0	4.0	0.0	0.0	0.0	0.0	0.0	0.0	0.0	0.0	0.0	0.0	2.0	0.0	0.0	0.0	0.0	0.0	0.0	0.0	0.0	7.0	0.0
ASV_3890	0.0	0.0	0.0	0.0	5.0	0.0	0.0	0.0	6.0	0.0	0.0	3.0	1.0	0.0	0.0	0.0	0.0	0.0	0.0	0.0	0.0	8.0	1.0	0.0	4.0	0.0	0.0	0.0	0.0	2.0	0.0	0.0	0.0	0.0	0.0	0.0
ASV_3891	0.0	0.0	5.0	0.0	0.0	0.0	0.0	2.0	6.0	0.0	0.0	3.0	0.0	2.0	0.0	0.0	6.0	0.0	0.0	0.0	0.0	0.0	3.0	0.0	0.0	0.0	0.0	0.0	0.0	0.0	0.0	3.0	0.0	0.0	0.0	0.0
ASV_3901	0.0	0.0	0.0	3.0	0.0	0.0	0.0	0.0	0.0	0.0	2.0	0.0	0.0	3.0	0.0	1.0	0.0	0.0	0.0	0.0	20.0	0.0	0.0	0.0	0.0	0.0	0.0	0.0	0.0	0.0	0.0	0.0	0.0	0.0	0.0	0.0
ASV_3906	3.0	9.0	0.0	0.0	0.0	0.0	0.0	0.0	0.0	0.0	0.0	0.0	0.0	0.0	7.0	0.0	0.0	0.0	0.0	0.0	0.0	3.0	0.0	0.0	0.0	6.0	0.0	0.0	0.0	0.0	0.0	0.0	0.0	0.0	1.0	0.0
ASV_3908	0.0	0.0	0.0	0.0	0.0	0.0	0.0	5.0	0.0	0.0	0.0	0.0	2.0	0.0	0.0	0.0	0.0	0.0	0.0	0.0	0.0	0.0	7.0	0.0	0.0	0.0	0.0	0.0	0.0	0.0	0.0	15.0	0.0	0.0	0.0	0.0
ASV_3919	3.0	8.0	0.0	0.0	0.0	0.0	0.0	0.0	0.0	0.0	0.0	0.0	0.0	0.0	8.0	5.0	0.0	0.0	0.0	0.0	0.0	0.0	0.0	0.0	0.0	2.0	0.0	0.0	0.0	0.0	0.0	0.0	0.0	0.0	3.0	0.0
ASV_3921	4.0	6.0	0.0	0.0	3.0	0.0	0.0	0.0	0.0	0.0	0.0	0.0	0.0	0.0	3.0	0.0	0.0	0.0	0.0	0.0	0.0	0.0	0.0	0.0	2.0	8.0	0.0	0.0	0.0	0.0	0.0	0.0	0.0	0.0	3.0	0.0
ASV_3922	0.0	0.0	0.0	0.0	0.0	0.0	0.0	10.0	0.0	0.0	0.0	0.0	8.0	0.0	0.0	0.0	0.0	0.0	0.0	0.0	0.0	0.0	5.0	0.0	0.0	0.0	0.0	0.0	0.0	0.0	0.0	6.0	0.0	0.0	0.0	0.0
ASV_3924	0.0	0.0	0.0	0.0	0.0	0.0	0.0	10.0	0.0	2.0	0.0	0.0	4.0	0.0	0.0	0.0	0.0	0.0	0.0	0.0	0.0	0.0	4.0	0.0	0.0	0.0	0.0	0.0	0.0	0.0	0.0	9.0	0.0	0.0	0.0	0.0
ASV_3929	0.0	0.0	0.0	0.0	0.0	0.0	0.0	0.0	10.0	0.0	0.0	11.0	0.0	0.0	0.0	0.0	8.0	0.0	0.0	0.0	0.0	0.0	0.0	0.0	0.0	0.0	0.0	0.0	0.0	0.0	0.0	0.0	0.0	0.0	0.0	0.0
ASV_3934	0.0	0.0	0.0	0.0	13.0	0.0	0.0	0.0	0.0	0.0	0.0	0.0	0.0	0.0	0.0	0.0	0.0	0.0	0.0	0.0	0.0	7.0	0.0	0.0	6.0	0.0	0.0	0.0	0.0	3.0	0.0	0.0	0.0	0.0	0.0	0.0
ASV_3937	0.0	0.0	0.0	0.0	3.0	0.0	0.0	2.0	0.0	0.0	0.0	0.0	6.0	0.0	0.0	0.0	2.0	0.0	0.0	0.0	0.0	0.0	2.0	0.0	4.0	0.0	0.0	0.0	0.0	0.0	0.0	10.0	0.0	0.0	0.0	0.0
ASV_3944	0.0	0.0	10.0	0.0	0.0	3.0	0.0	0.0	7.0	0.0	0.0	0.0	0.0	0.0	0.0	0.0	3.0	0.0	0.0	0.0	0.0	3.0	0.0	0.0	2.0	0.0	0.0	0.0	0.0	0.0	0.0	0.0	0.0	0.0	0.0	0.0
ASV_3945	0.0	8.0	1.0	0.0	0.0	0.0	0.0	0.0	0.0	0.0	0.0	5.0	2.0	0.0	0.0	0.0	9.0	0.0	0.0	0.0	0.0	0.0	0.0	0.0	0.0	3.0	0.0	0.0	0.0	0.0	0.0	0.0	0.0	0.0	0.0	0.0
ASV_3947	0.0	0.0	3.0	0.0	4.0	0.0	0.0	2.0	0.0	0.0	0.0	2.0	0.0	0.0	2.0	0.0	7.0	0.0	0.0	0.0	0.0	2.0	3.0	0.0	2.0	0.0	0.0	0.0	0.0	0.0	0.0	0.0	0.0	0.0	1.0	0.0
ASV_3949	0.0	0.0	2.0	0.0	0.0	0.0	0.0	3.0	3.0	0.0	3.0	3.0	5.0	2.0	0.0	0.0	0.0	0.0	0.0	0.0	2.0	0.0	2.0	0.0	0.0	0.0	0.0	0.0	0.0	0.0	0.0	3.0	0.0	0.0	0.0	0.0
ASV_3953	0.0	0.0	0.0	0.0	0.0	0.0	0.0	3.0	3.0	0.0	0.0	0.0	13.0	0.0	0.0	0.0	0.0	0.0	0.0	0.0	0.0	0.0	7.0	0.0	0.0	0.0	0.0	0.0	0.0	0.0	0.0	2.0	0.0	0.0	0.0	0.0
ASV_3960	0.0	0.0	0.0	0.0	0.0	0.0	0.0	0.0	0.0	2.0	0.0	0.0	10.0	0.0	0.0	0.0	0.0	0.0	0.0	0.0	0.0	0.0	0.0	0.0	0.0	0.0	0.0	0.0	0.0	0.0	0.0	16.0	0.0	0.0	0.0	0.0
ASV_3962	0.0	0.0	0.0	0.0	0.0	0.0	0.0	0.0	0.0	0.0	5.0	0.0	0.0	23.0	0.0	0.0	0.0	0.0	0.0	0.0	0.0	0.0	0.0	0.0	0.0	0.0	0.0	0.0	0.0	0.0	0.0	0.0	0.0	0.0	0.0	0.0
ASV_3969	0.0	0.0	0.0	0.0	0.0	0.0	0.0	0.0	0.0	0.0	0.0	0.0	0.0	0.0	0.0	0.0	0.0	0.0	0.0	0.0	28.0	0.0	0.0	0.0	0.0	0.0	0.0	0.0	0.0	0.0	0.0	0.0	0.0	0.0	0.0	0.0
ASV_3971	0.0	0.0	0.0	0.0	0.0	0.0	0.0	0.0	0.0	0.0	0.0	0.0	0.0	0.0	0.0	0.0	0.0	0.0	0.0	0.0	0.0	0.0	0.0	6.0	0.0	0.0	0.0	0.0	6.0	0.0	13.0	0.0	0.0	1.0	0.0	2.0
ASV_3983	0.0	0.0	0.0	0.0	0.0	0.0	0.0	4.0	0.0	0.0	0.0	0.0	0.0	0.0	0.0	0.0	0.0	0.0	0.0	0.0	0.0	0.0	10.0	0.0	0.0	0.0	0.0	0.0	0.0	0.0	0.0	14.0	0.0	0.0	0.0	0.0
ASV_3986	0.0	0.0	0.0	0.0	0.0	1.0	0.0	2.0	0.0	0.0	0.0	0.0	11.0	3.0	0.0	5.0	0.0	0.0	0.0	0.0	0.0	0.0	0.0	0.0	0.0	0.0	0.0	0.0	0.0	0.0	0.0	6.0	0.0	0.0	0.0	0.0
ASV_3988	0.0	0.0	0.0	0.0	11.0	0.0	0.0	0.0	0.0	0.0	0.0	0.0	0.0	0.0	0.0	0.0	0.0	2.0	0.0	0.0	0.0	7.0	0.0	0.0	2.0	0.0	0.0	0.0	0.0	6.0	0.0	0.0	0.0	0.0	0.0	0.0
ASV_3989	0.0	0.0	0.0	0.0	0.0	0.0	4.0	0.0	0.0	0.0	0.0	0.0	0.0	0.0	0.0	0.0	0.0	0.0	0.0	7.0	0.0	0.0	0.0	2.0	0.0	0.0	0.0	5.0	2.0	0.0	0.0	0.0	6.0	0.0	0.0	2.0
ASV_4006	3.0	6.0	0.0	0.0	0.0	0.0	0.0	0.0	0.0	0.0	0.0	0.0	0.0	0.0	4.0	0.0	0.0	0.0	0.0	0.0	0.0	0.0	0.0	0.0	0.0	7.0	0.0	0.0	0.0	0.0	0.0	0.0	0.0	0.0	7.0	0.0
ASV_4022	0.0	0.0	0.0	0.0	0.0	0.0	0.0	0.0	8.0	1.0	0.0	0.0	0.0	0.0	0.0	0.0	0.0	0.0	0.0	0.0	0.0	0.0	1.0	0.0	0.0	0.0	0.0	0.0	0.0	0.0	0.0	17.0	0.0	0.0	0.0	0.0
ASV_4025	0.0	0.0	0.0	0.0	0.0	0.0	0.0	3.0	0.0	3.0	0.0	0.0	5.0	0.0	0.0	0.0	0.0	0.0	0.0	0.0	0.0	0.0	8.0	0.0	0.0	0.0	0.0	0.0	0.0	0.0	0.0	8.0	0.0	0.0	0.0	0.0
ASV_4027	0.0	0.0	0.0	0.0	0.0	0.0	0.0	5.0	2.0	0.0	0.0	2.0	0.0	0.0	0.0	2.0	8.0	0.0	2.0	0.0	1.0	0.0	1.0	0.0	0.0	0.0	0.0	0.0	0.0	0.0	0.0	4.0	0.0	0.0	0.0	0.0
ASV_4032	0.0	0.0	0.0	0.0	0.0	2.0	0.0	0.0	13.0	0.0	0.0	0.0	0.0	0.0	0.0	0.0	12.0	0.0	0.0	0.0	0.0	0.0	0.0	0.0	0.0	0.0	0.0	0.0	0.0	0.0	0.0	0.0	0.0	0.0	0.0	0.0
ASV_4034	0.0	0.0	0.0	0.0	8.0	0.0	0.0	0.0	0.0	0.0	0.0	0.0	0.0	0.0	0.0	0.0	0.0	0.0	0.0	0.0	0.0	3.0	0.0	0.0	6.0	0.0	0.0	0.0	0.0	10.0	0.0	0.0	0.0	0.0	0.0	0.0
ASV_4035	0.0	0.0	0.0	5.0	0.0	0.0	0.0	0.0	0.0	0.0	4.0	0.0	0.0	10.0	0.0	6.0	0.0	0.0	0.0	0.0	2.0	0.0	0.0	0.0	0.0	0.0	0.0	0.0	0.0	0.0	0.0	0.0	0.0	0.0	0.0	0.0
ASV_4040	0.0	0.0	0.0	0.0	0.0	0.0	0.0	0.0	0.0	0.0	0.0	0.0	0.0	2.0	0.0	0.0	0.0	0.0	0.0	0.0	25.0	0.0	0.0	0.0	0.0	0.0	0.0	0.0	0.0	0.0	0.0	0.0	0.0	0.0	0.0	0.0
ASV_4041	0.0	0.0	0.0	0.0	0.0	0.0	0.0	0.0	0.0	0.0	0.0	0.0	0.0	0.0	0.0	0.0	0.0	0.0	0.0	0.0	0.0	0.0	0.0	0.0	0.0	0.0	0.0	24.0	0.0	0.0	3.0	0.0	0.0	0.0	0.0	0.0
ASV_4043	0.0	0.0	3.0	0.0	0.0	2.0	0.0	0.0	7.0	0.0	0.0	11.0	0.0	1.0	0.0	3.0	0.0	0.0	0.0	0.0	0.0	0.0	0.0	0.0	0.0	0.0	0.0	0.0	0.0	0.0	0.0	0.0	0.0	0.0	0.0	0.0
ASV_4047	0.0	0.0	0.0	0.0	10.0	0.0	0.0	0.0	0.0	0.0	0.0	0.0	0.0	0.0	0.0	0.0	0.0	0.0	0.0	0.0	0.0	0.0	0.0	0.0	0.0	0.0	0.0	0.0	0.0	16.0	0.0	0.0	0.0	0.0	0.0	0.0
ASV_4049	0.0	0.0	0.0	0.0	3.0	0.0	0.0	0.0	0.0	0.0	0.0	0.0	0.0	0.0	0.0	0.0	0.0	5.0	0.0	0.0	0.0	3.0	0.0	0.0	5.0	0.0	0.0	0.0	0.0	10.0	0.0	0.0	0.0	0.0	0.0	0.0
ASV_4053	0.0	0.0	0.0	0.0	5.0	0.0	0.0	0.0	0.0	2.0	0.0	0.0	2.0	0.0	0.0	0.0	0.0	2.0	0.0	0.0	0.0	5.0	0.0	0.0	6.0	0.0	0.0	0.0	0.0	4.0	0.0	0.0	0.0	0.0	0.0	0.0
ASV_4055	0.0	0.0	0.0	0.0	4.0	2.0	0.0	0.0	4.0	0.0	0.0	2.0	0.0	0.0	0.0	2.0	4.0	2.0	0.0	0.0	0.0	3.0	0.0	0.0	3.0	0.0	0.0	0.0	0.0	0.0	0.0	0.0	0.0	0.0	0.0	0.0
ASV_4063	0.0	0.0	0.0	0.0	0.0	0.0	0.0	0.0	0.0	0.0	0.0	0.0	0.0	2.0	0.0	15.0	0.0	0.0	0.0	0.0	9.0	0.0	0.0	0.0	0.0	0.0	0.0	0.0	0.0	0.0	0.0	0.0	0.0	0.0	0.0	0.0
ASV_4064	0.0	0.0	0.0	0.0	0.0	0.0	0.0	0.0	0.0	0.0	0.0	0.0	0.0	0.0	0.0	22.0	0.0	0.0	0.0	0.0	4.0	0.0	0.0	0.0	0.0	0.0	0.0	0.0	0.0	0.0	0.0	0.0	0.0	0.0	0.0	0.0
ASV_4065	0.0	0.0	3.0	0.0	5.0	0.0	0.0	0.0	0.0	0.0	0.0	0.0	0.0	0.0	0.0	0.0	0.0	3.0	0.0	0.0	0.0	9.0	0.0	0.0	0.0	0.0	0.0	0.0	0.0	6.0	0.0	0.0	0.0	0.0	0.0	0.0
ASV_4066	0.0	0.0	0.0	0.0	0.0	0.0	0.0	0.0	11.0	0.0	0.0	0.0	0.0	0.0	0.0	0.0	15.0	0.0	0.0	0.0	0.0	0.0	0.0	0.0	0.0	0.0	0.0	0.0	0.0	0.0	0.0	0.0	0.0	0.0	0.0	0.0
ASV_4068	0.0	0.0	0.0	0.0	0.0	0.0	0.0	3.0	0.0	4.0	0.0	0.0	18.0	0.0	0.0	0.0	0.0	0.0	0.0	0.0	0.0	0.0	0.0	0.0	0.0	0.0	0.0	0.0	0.0	0.0	0.0	1.0	0.0	0.0	0.0	0.0
ASV_4070	0.0	0.0	4.0	0.0	0.0	0.0	0.0	0.0	8.0	0.0	0.0	4.0	0.0	0.0	0.0	4.0	6.0	0.0	0.0	0.0	0.0	0.0	0.0	0.0	0.0	0.0	0.0	0.0	0.0	0.0	0.0	0.0	0.0	0.0	0.0	0.0
ASV_4073	0.0	0.0	0.0	0.0	0.0	0.0	0.0	7.0	0.0	3.0	0.0	0.0	4.0	0.0	0.0	6.0	0.0	0.0	0.0	0.0	0.0	0.0	2.0	0.0	0.0	0.0	0.0	0.0	0.0	0.0	0.0	4.0	0.0	0.0	0.0	0.0
ASV_4074	0.0	0.0	0.0	0.0	0.0	0.0	0.0	0.0	0.0	0.0	0.0	0.0	0.0	0.0	0.0	0.0	0.0	0.0	0.0	0.0	0.0	0.0	0.0	6.0	0.0	0.0	0.0	0.0	4.0	0.0	4.0	0.0	0.0	7.0	0.0	5.0
ASV_4084	0.0	0.0	0.0	3.0	3.0	0.0	0.0	0.0	0.0	0.0	0.0	0.0	2.0	0.0	0.0	0.0	0.0	0.0	0.0	0.0	0.0	3.0	0.0	0.0	4.0	0.0	0.0	0.0	0.0	0.0	0.0	11.0	0.0	0.0	0.0	0.0
ASV_4085	0.0	0.0	0.0	1.0	0.0	0.0	0.0	0.0	0.0	0.0	2.0	0.0	0.0	10.0	0.0	2.0	0.0	0.0	4.0	0.0	4.0	0.0	0.0	0.0	0.0	0.0	0.0	0.0	0.0	3.0	0.0	0.0	0.0	0.0	0.0	0.0
ASV_4090	0.0	0.0	0.0	5.0	0.0	0.0	0.0	0.0	0.0	0.0	5.0	0.0	0.0	4.0	0.0	6.0	0.0	0.0	3.0	0.0	3.0	0.0	0.0	0.0	0.0	0.0	0.0	0.0	0.0	0.0	0.0	0.0	0.0	0.0	0.0	0.0
ASV_4094	0.0	0.0	0.0	6.0	0.0	0.0	0.0	0.0	0.0	0.0	0.0	0.0	0.0	4.0	0.0	16.0	0.0	0.0	0.0	0.0	0.0	0.0	0.0	0.0	0.0	0.0	0.0	0.0	0.0	0.0	0.0	0.0	0.0	0.0	0.0	0.0
ASV_4096	6.0	2.0	0.0	0.0	0.0	0.0	0.0	0.0	12.0	0.0	0.0	0.0	0.0	0.0	4.0	0.0	2.0	0.0	0.0	0.0	0.0	0.0	0.0	0.0	0.0	0.0	0.0	0.0	0.0	0.0	0.0	0.0	0.0	0.0	0.0	0.0
ASV_4107	0.0	0.0	0.0	0.0	0.0	0.0	0.0	0.0	0.0	2.0	0.0	0.0	3.0	0.0	0.0	0.0	0.0	0.0	0.0	0.0	0.0	0.0	13.0	0.0	0.0	0.0	0.0	0.0	0.0	0.0	0.0	7.0	0.0	0.0	0.0	0.0
ASV_4116	0.0	0.0	0.0	0.0	0.0	0.0	0.0	3.0	0.0	0.0	0.0	6.0	7.0	0.0	0.0	0.0	0.0	0.0	0.0	0.0	0.0	0.0	0.0	0.0	0.0	0.0	0.0	0.0	0.0	0.0	0.0	9.0	0.0	0.0	0.0	0.0
ASV_4118	0.0	0.0	3.0	0.0	0.0	2.0	0.0	2.0	0.0	0.0	0.0	6.0	3.0	0.0	0.0	2.0	3.0	0.0	0.0	0.0	4.0	0.0	0.0	0.0	0.0	0.0	0.0	0.0	0.0	0.0	0.0	0.0	0.0	0.0	0.0	0.0
ASV_4120	0.0	0.0	0.0	0.0	0.0	0.0	0.0	3.0	0.0	0.0	0.0	0.0	3.0	0.0	0.0	8.0	0.0	0.0	0.0	0.0	0.0	0.0	3.0	0.0	0.0	0.0	0.0	0.0	0.0	0.0	0.0	8.0	0.0	0.0	0.0	0.0
ASV_4122	0.0	0.0	0.0	0.0	13.0	0.0	0.0	0.0	0.0	0.0	0.0	0.0	0.0	0.0	0.0	2.0	0.0	2.0	0.0	0.0	1.0	4.0	0.0	0.0	0.0	0.0	0.0	0.0	0.0	3.0	0.0	0.0	0.0	0.0	0.0	0.0
ASV_4130	0.0	4.0	0.0	0.0	0.0	0.0	0.0	0.0	0.0	0.0	0.0	0.0	0.0	0.0	9.0	0.0	0.0	0.0	0.0	0.0	0.0	0.0	0.0	0.0	0.0	6.0	0.0	0.0	0.0	0.0	0.0	0.0	0.0	0.0	6.0	0.0
ASV_4134	0.0	0.0	4.0	0.0	0.0	4.0	0.0	0.0	6.0	0.0	0.0	4.0	0.0	0.0	0.0	0.0	6.0	0.0	0.0	0.0	0.0	0.0	0.0	0.0	0.0	0.0	0.0	0.0	0.0	0.0	0.0	1.0	0.0	0.0	0.0	0.0
ASV_4138	0.0	0.0	3.0	0.0	0.0	0.0	0.0	0.0	8.0	0.0	0.0	3.0	0.0	0.0	0.0	0.0	11.0	0.0	0.0	0.0	0.0	0.0	0.0	0.0	0.0	0.0	0.0	0.0	0.0	0.0	0.0	0.0	0.0	0.0	0.0	0.0
ASV_4148	0.0	0.0	0.0	9.0	4.0	0.0	0.0	0.0	0.0	0.0	0.0	0.0	0.0	2.0	0.0	6.0	0.0	0.0	0.0	0.0	0.0	2.0	0.0	0.0	0.0	0.0	0.0	0.0	0.0	2.0	0.0	0.0	0.0	0.0	0.0	0.0
ASV_4161	0.0	0.0	2.0	0.0	1.0	0.0	0.0	0.0	14.0	0.0	0.0	4.0	0.0	0.0	0.0	0.0	0.0	0.0	0.0	0.0	0.0	1.0	0.0	0.0	2.0	0.0	0.0	0.0	0.0	0.0	0.0	0.0	0.0	0.0	0.0	0.0
ASV_4167	0.0	0.0	0.0	0.0	5.0	0.0	0.0	0.0	0.0	0.0	0.0	0.0	0.0	0.0	0.0	0.0	0.0	2.0	0.0	0.0	0.0	6.0	0.0	0.0	6.0	0.0	0.0	0.0	0.0	5.0	0.0	0.0	0.0	0.0	0.0	0.0
ASV_4175	0.0	0.0	0.0	0.0	0.0	2.0	0.0	1.0	9.0	3.0	0.0	2.0	0.0	0.0	0.0	0.0	0.0	0.0	0.0	0.0	0.0	0.0	0.0	0.0	0.0	0.0	0.0	0.0	0.0	0.0	0.0	7.0	0.0	0.0	0.0	0.0
ASV_4179	2.0	6.0	0.0	0.0	0.0	0.0	0.0	0.0	0.0	0.0	0.0	0.0	0.0	0.0	7.0	0.0	0.0	0.0	0.0	0.0	0.0	0.0	0.0	0.0	0.0	3.0	0.0	0.0	0.0	0.0	0.0	0.0	0.0	0.0	6.0	0.0
ASV_4186	0.0	0.0	0.0	0.0	0.0	0.0	0.0	11.0	0.0	0.0	0.0	0.0	4.0	0.0	0.0	0.0	0.0	0.0	0.0	0.0	0.0	0.0	3.0	0.0	0.0	0.0	0.0	0.0	0.0	2.0	0.0	4.0	0.0	0.0	0.0	0.0
ASV_4190	0.0	0.0	0.0	2.0	0.0	0.0	0.0	7.0	0.0	0.0	0.0	0.0	5.0	0.0	0.0	0.0	0.0	0.0	2.0	0.0	0.0	0.0	2.0	0.0	0.0	0.0	0.0	0.0	0.0	0.0	0.0	6.0	0.0	0.0	0.0	0.0
ASV_4191	0.0	0.0	0.0	0.0	0.0	0.0	0.0	1.0	0.0	2.0	0.0	0.0	5.0	0.0	0.0	0.0	0.0	0.0	0.0	0.0	0.0	0.0	8.0	0.0	0.0	0.0	0.0	0.0	0.0	0.0	0.0	8.0	0.0	0.0	0.0	0.0
ASV_4194	0.0	0.0	0.0	0.0	0.0	0.0	0.0	0.0	0.0	0.0	0.0	0.0	0.0	0.0	0.0	0.0	0.0	0.0	0.0	0.0	0.0	0.0	0.0	5.0	0.0	0.0	0.0	1.0	3.0	0.0	4.0	0.0	0.0	11.0	0.0	0.0
ASV_4195	0.0	0.0	0.0	0.0	0.0	0.0	0.0	0.0	0.0	0.0	0.0	0.0	0.0	0.0	0.0	0.0	0.0	0.0	0.0	0.0	0.0	0.0	0.0	0.0	0.0	0.0	2.0	0.0	4.0	0.0	0.0	0.0	2.0	7.0	0.0	9.0
ASV_4209	0.0	0.0	0.0	0.0	0.0	0.0	0.0	0.0	0.0	0.0	0.0	0.0	0.0	0.0	0.0	0.0	0.0	0.0	0.0	6.0	0.0	0.0	0.0	0.0	0.0	0.0	18.0	0.0	0.0	0.0	0.0	0.0	0.0	0.0	0.0	0.0
ASV_4211	0.0	0.0	0.0	0.0	5.0	0.0	0.0	0.0	0.0	0.0	0.0	0.0	0.0	0.0	0.0	0.0	0.0	0.0	0.0	0.0	9.0	2.0	0.0	0.0	4.0	0.0	0.0	0.0	0.0	4.0	0.0	0.0	0.0	0.0	0.0	0.0
ASV_4212	0.0	0.0	0.0	0.0	0.0	3.0	0.0	0.0	15.0	0.0	0.0	0.0	0.0	0.0	0.0	0.0	6.0	0.0	0.0	0.0	0.0	0.0	0.0	0.0	0.0	0.0	0.0	0.0	0.0	0.0	0.0	0.0	0.0	0.0	0.0	0.0
ASV_4218	0.0	0.0	0.0	0.0	5.0	0.0	0.0	0.0	0.0	0.0	0.0	0.0	0.0	0.0	0.0	0.0	0.0	0.0	0.0	0.0	0.0	3.0	0.0	0.0	7.0	0.0	0.0	0.0	0.0	9.0	0.0	0.0	0.0	0.0	0.0	0.0
ASV_4219	0.0	0.0	0.0	0.0	0.0	0.0	0.0	0.0	0.0	0.0	0.0	0.0	0.0	0.0	0.0	24.0	0.0	0.0	0.0	0.0	0.0	0.0	0.0	0.0	0.0	0.0	0.0	0.0	0.0	0.0	0.0	0.0	0.0	0.0	0.0	0.0
ASV_4221	0.0	0.0	0.0	0.0	0.0	0.0	0.0	0.0	0.0	0.0	0.0	0.0	0.0	0.0	0.0	0.0	0.0	0.0	0.0	11.0	0.0	0.0	0.0	0.0	0.0	0.0	0.0	12.0	0.0	0.0	0.0	0.0	0.0	0.0	0.0	1.0
ASV_4226	0.0	0.0	0.0	0.0	0.0	5.0	0.0	0.0	2.0	0.0	0.0	0.0	0.0	3.0	0.0	0.0	6.0	0.0	0.0	0.0	3.0	0.0	2.0	0.0	0.0	0.0	0.0	0.0	0.0	0.0	0.0	2.0	0.0	0.0	0.0	0.0
ASV_4228	0.0	0.0	0.0	0.0	6.0	0.0	0.0	0.0	0.0	0.0	0.0	0.0	0.0	0.0	0.0	0.0	0.0	2.0	0.0	0.0	0.0	6.0	0.0	0.0	5.0	0.0	0.0	0.0	0.0	4.0	0.0	0.0	0.0	0.0	0.0	0.0
ASV_4229	0.0	0.0	0.0	0.0	3.0	0.0	0.0	0.0	0.0	0.0	0.0	0.0	0.0	0.0	0.0	0.0	0.0	2.0	0.0	0.0	0.0	5.0	0.0	0.0	4.0	0.0	0.0	0.0	0.0	9.0	0.0	0.0	0.0	0.0	0.0	0.0
ASV_4246	2.0	5.0	0.0	0.0	0.0	0.0	0.0	0.0	0.0	0.0	0.0	0.0	0.0	0.0	7.0	0.0	0.0	0.0	0.0	0.0	0.0	0.0	0.0	0.0	0.0	4.0	0.0	0.0	0.0	0.0	0.0	0.0	0.0	0.0	5.0	0.0
ASV_4248	0.0	0.0	0.0	0.0	0.0	0.0	0.0	0.0	0.0	0.0	0.0	0.0	6.0	0.0	0.0	5.0	0.0	0.0	3.0	0.0	9.0	0.0	0.0	0.0	0.0	0.0	0.0	0.0	0.0	0.0	0.0	0.0	0.0	0.0	0.0	0.0
ASV_4249	0.0	0.0	0.0	0.0	0.0	0.0	0.0	0.0	0.0	2.0	0.0	0.0	12.0	0.0	0.0	0.0	0.0	0.0	0.0	0.0	0.0	0.0	7.0	0.0	0.0	0.0	0.0	0.0	0.0	0.0	0.0	2.0	0.0	0.0	0.0	0.0
ASV_4252	0.0	0.0	0.0	0.0	0.0	0.0	0.0	3.0	0.0	0.0	0.0	0.0	5.0	1.0	0.0	8.0	0.0	0.0	0.0	0.0	0.0	0.0	4.0	0.0	0.0	0.0	0.0	0.0	0.0	0.0	0.0	2.0	0.0	0.0	0.0	0.0
ASV_4254	0.0	0.0	0.0	0.0	0.0	0.0	0.0	7.0	0.0	3.0	0.0	0.0	4.0	0.0	0.0	0.0	0.0	0.0	0.0	0.0	0.0	0.0	0.0	0.0	0.0	0.0	0.0	0.0	0.0	0.0	0.0	9.0	0.0	0.0	0.0	0.0
ASV_4256	0.0	0.0	0.0	0.0	0.0	0.0	1.0	0.0	0.0	0.0	0.0	0.0	0.0	0.0	0.0	0.0	0.0	0.0	0.0	1.0	0.0	0.0	0.0	0.0	0.0	0.0	10.0	8.0	0.0	0.0	0.0	0.0	3.0	0.0	0.0	0.0
ASV_4257	0.0	0.0	5.0	0.0	0.0	4.0	0.0	0.0	4.0	0.0	0.0	2.0	0.0	0.0	0.0	0.0	8.0	0.0	0.0	0.0	0.0	0.0	0.0	0.0	0.0	0.0	0.0	0.0	0.0	0.0	0.0	0.0	0.0	0.0	0.0	0.0
ASV_4260	0.0	0.0	0.0	3.0	0.0	0.0	0.0	0.0	0.0	0.0	0.0	0.0	0.0	2.0	0.0	14.0	0.0	0.0	0.0	0.0	4.0	0.0	0.0	0.0	0.0	0.0	0.0	0.0	0.0	0.0	0.0	0.0	0.0	0.0	0.0	0.0
ASV_4264	0.0	0.0	0.0	2.0	0.0	0.0	0.0	0.0	0.0	0.0	5.0	0.0	0.0	5.0	0.0	0.0	0.0	0.0	2.0	0.0	9.0	0.0	0.0	0.0	0.0	0.0	0.0	0.0	0.0	0.0	0.0	0.0	0.0	0.0	0.0	0.0
ASV_4272	0.0	0.0	4.0	0.0	0.0	0.0	0.0	1.0	2.0	0.0	0.0	3.0	1.0	0.0	0.0	3.0	5.0	0.0	0.0	0.0	0.0	0.0	3.0	0.0	0.0	0.0	0.0	0.0	0.0	0.0	0.0	1.0	0.0	0.0	0.0	0.0
ASV_4274	0.0	0.0	0.0	2.0	0.0	0.0	0.0	6.0	0.0	0.0	0.0	0.0	3.0	0.0	0.0	0.0	0.0	0.0	0.0	0.0	2.0	0.0	8.0	0.0	0.0	0.0	0.0	0.0	0.0	0.0	0.0	1.0	0.0	0.0	0.0	0.0
ASV_4275	0.0	0.0	0.0	0.0	0.0	0.0	0.0	0.0	0.0	0.0	0.0	0.0	0.0	0.0	0.0	2.0	0.0	0.0	6.0	0.0	14.0	0.0	0.0	0.0	0.0	0.0	0.0	0.0	0.0	0.0	0.0	0.0	0.0	0.0	0.0	0.0
ASV_4277	0.0	0.0	0.0	0.0	0.0	0.0	2.0	0.0	0.0	0.0	0.0	0.0	0.0	0.0	0.0	0.0	0.0	0.0	0.0	3.0	0.0	0.0	0.0	0.0	0.0	0.0	5.0	5.0	1.0	0.0	0.0	0.0	6.0	0.0	0.0	0.0
ASV_4279	2.0	0.0	0.0	0.0	0.0	0.0	0.0	0.0	2.0	0.0	0.0	3.0	0.0	0.0	0.0	0.0	0.0	0.0	0.0	0.0	0.0	9.0	0.0	0.0	0.0	0.0	0.0	0.0	0.0	2.0	0.0	0.0	0.0	0.0	4.0	0.0
ASV_4293	0.0	5.0	0.0	0.0	0.0	0.0	0.0	0.0	0.0	0.0	0.0	0.0	0.0	0.0	6.0	0.0	0.0	0.0	0.0	0.0	0.0	0.0	0.0	0.0	0.0	11.0	0.0	0.0	0.0	0.0	0.0	0.0	0.0	0.0	0.0	0.0
ASV_4295	0.0	2.0	0.0	4.0	2.0	0.0	0.0	6.0	0.0	0.0	1.0	0.0	0.0	0.0	0.0	0.0	0.0	0.0	0.0	0.0	0.0	7.0	0.0	0.0	0.0	0.0	0.0	0.0	0.0	0.0	0.0	0.0	0.0	0.0	0.0	0.0
ASV_4302	0.0	0.0	0.0	0.0	0.0	0.0	0.0	4.0	0.0	2.0	0.0	0.0	4.0	0.0	0.0	0.0	0.0	0.0	0.0	0.0	0.0	0.0	5.0	0.0	0.0	0.0	0.0	0.0	0.0	0.0	0.0	7.0	0.0	0.0	0.0	0.0
ASV_4304	5.0	4.0	0.0	0.0	0.0	0.0	0.0	0.0	0.0	0.0	0.0	0.0	0.0	0.0	3.0	0.0	0.0	0.0	0.0	0.0	0.0	0.0	0.0	0.0	0.0	7.0	0.0	0.0	0.0	0.0	0.0	0.0	0.0	0.0	3.0	0.0
ASV_4308	0.0	0.0	0.0	0.0	0.0	0.0	0.0	5.0	0.0	2.0	0.0	0.0	0.0	0.0	0.0	0.0	5.0	0.0	0.0	0.0	0.0	0.0	6.0	0.0	0.0	0.0	0.0	0.0	0.0	0.0	0.0	4.0	0.0	0.0	0.0	0.0
ASV_4309	0.0	0.0	0.0	0.0	0.0	0.0	0.0	5.0	0.0	0.0	0.0	0.0	9.0	0.0	0.0	0.0	0.0	0.0	0.0	0.0	0.0	0.0	4.0	0.0	0.0	0.0	0.0	0.0	0.0	0.0	0.0	4.0	0.0	0.0	0.0	0.0
ASV_4314	0.0	0.0	2.0	0.0	3.0	0.0	0.0	0.0	5.0	0.0	0.0	2.0	0.0	0.0	0.0	0.0	6.0	0.0	0.0	0.0	0.0	0.0	0.0	0.0	4.0	0.0	0.0	0.0	0.0	0.0	0.0	0.0	0.0	0.0	0.0	0.0
ASV_4315	0.0	0.0	2.0	0.0	0.0	3.0	0.0	0.0	3.0	0.0	0.0	2.0	0.0	0.0	0.0	0.0	12.0	0.0	0.0	0.0	0.0	0.0	0.0	0.0	0.0	0.0	0.0	0.0	0.0	0.0	0.0	0.0	0.0	0.0	0.0	0.0
ASV_4318	0.0	0.0	2.0	3.0	0.0	0.0	0.0	0.0	0.0	0.0	0.0	0.0	0.0	2.0	0.0	4.0	0.0	0.0	0.0	0.0	4.0	5.0	0.0	0.0	0.0	0.0	0.0	0.0	0.0	2.0	0.0	0.0	0.0	0.0	0.0	0.0
ASV_4320	3.0	7.0	0.0	0.0	0.0	0.0	0.0	0.0	0.0	0.0	0.0	0.0	0.0	0.0	7.0	0.0	0.0	0.0	0.0	0.0	0.0	0.0	0.0	0.0	0.0	0.0	0.0	0.0	0.0	0.0	0.0	0.0	0.0	0.0	5.0	0.0
ASV_4321	0.0	0.0	0.0	0.0	0.0	0.0	0.0	1.0	0.0	2.0	0.0	0.0	2.0	0.0	0.0	0.0	0.0	0.0	0.0	0.0	0.0	0.0	8.0	0.0	0.0	0.0	0.0	0.0	0.0	0.0	0.0	9.0	0.0	0.0	0.0	0.0
ASV_4340	0.0	0.0	0.0	0.0	0.0	0.0	8.0	0.0	0.0	0.0	0.0	0.0	0.0	0.0	0.0	0.0	0.0	0.0	0.0	0.0	0.0	0.0	0.0	1.0	0.0	0.0	0.0	0.0	0.0	0.0	0.0	0.0	6.0	6.0	0.0	0.0
ASV_4349	0.0	0.0	3.0	0.0	0.0	3.0	0.0	0.0	0.0	0.0	0.0	4.0	0.0	0.0	0.0	0.0	6.0	0.0	0.0	0.0	5.0	0.0	0.0	0.0	0.0	0.0	0.0	0.0	0.0	0.0	0.0	0.0	0.0	0.0	0.0	0.0
ASV_4351	0.0	0.0	0.0	0.0	0.0	0.0	6.0	0.0	0.0	0.0	0.0	0.0	0.0	0.0	0.0	0.0	0.0	0.0	0.0	10.0	0.0	0.0	0.0	0.0	0.0	0.0	0.0	5.0	0.0	0.0	0.0	0.0	0.0	0.0	0.0	0.0
ASV_4353	0.0	0.0	0.0	0.0	0.0	0.0	0.0	9.0	0.0	0.0	0.0	0.0	3.0	0.0	0.0	0.0	0.0	0.0	0.0	0.0	0.0	0.0	2.0	0.0	0.0	0.0	0.0	0.0	0.0	0.0	0.0	7.0	0.0	0.0	0.0	0.0
ASV_4359	0.0	0.0	0.0	0.0	0.0	0.0	0.0	5.0	0.0	0.0	0.0	0.0	7.0	0.0	0.0	0.0	0.0	0.0	0.0	0.0	0.0	0.0	5.0	0.0	0.0	0.0	0.0	0.0	0.0	0.0	0.0	4.0	0.0	0.0	0.0	0.0
ASV_4361	0.0	0.0	0.0	0.0	0.0	0.0	0.0	4.0	0.0	0.0	0.0	0.0	3.0	0.0	0.0	0.0	0.0	0.0	0.0	0.0	2.0	0.0	4.0	0.0	0.0	0.0	0.0	0.0	0.0	0.0	0.0	8.0	0.0	0.0	0.0	0.0
ASV_4368	3.0	8.0	0.0	0.0	0.0	0.0	0.0	0.0	0.0	0.0	0.0	4.0	0.0	0.0	2.0	0.0	0.0	0.0	0.0	0.0	0.0	0.0	0.0	0.0	0.0	0.0	0.0	0.0	0.0	0.0	0.0	0.0	0.0	0.0	4.0	0.0
ASV_4371	0.0	0.0	0.0	0.0	0.0	0.0	0.0	3.0	0.0	2.0	0.0	0.0	4.0	0.0	0.0	0.0	0.0	0.0	0.0	0.0	0.0	0.0	5.0	0.0	0.0	0.0	0.0	0.0	0.0	0.0	0.0	7.0	0.0	0.0	0.0	0.0
ASV_4377	0.0	0.0	0.0	0.0	5.0	1.0	0.0	2.0	0.0	0.0	0.0	0.0	1.0	0.0	0.0	0.0	1.0	0.0	0.0	0.0	0.0	4.0	0.0	0.0	2.0	0.0	0.0	0.0	0.0	5.0	0.0	0.0	0.0	0.0	0.0	0.0
ASV_4379	0.0	0.0	0.0	0.0	4.0	0.0	0.0	2.0	0.0	0.0	0.0	0.0	2.0	0.0	0.0	0.0	0.0	0.0	0.0	0.0	0.0	3.0	3.0	0.0	2.0	0.0	0.0	0.0	0.0	3.0	0.0	2.0	0.0	0.0	0.0	0.0
ASV_4382	0.0	0.0	0.0	0.0	0.0	0.0	0.0	0.0	0.0	0.0	0.0	0.0	0.0	21.0	0.0	0.0	0.0	0.0	0.0	0.0	0.0	0.0	0.0	0.0	0.0	0.0	0.0	0.0	0.0	0.0	0.0	0.0	0.0	0.0	0.0	0.0
ASV_4383	0.0	0.0	0.0	0.0	5.0	0.0	0.0	0.0	0.0	0.0	0.0	0.0	0.0	0.0	0.0	0.0	0.0	2.0	0.0	0.0	0.0	4.0	0.0	0.0	4.0	0.0	0.0	0.0	0.0	6.0	0.0	0.0	0.0	0.0	0.0	0.0
ASV_4386	0.0	0.0	0.0	0.0	1.0	0.0	0.0	0.0	0.0	0.0	0.0	0.0	0.0	0.0	0.0	0.0	0.0	0.0	0.0	0.0	0.0	7.0	0.0	0.0	4.0	0.0	0.0	0.0	0.0	9.0	0.0	0.0	0.0	0.0	0.0	0.0
ASV_4387	0.0	0.0	0.0	0.0	0.0	0.0	0.0	0.0	0.0	2.0	4.0	2.0	3.0	3.0	0.0	5.0	0.0	0.0	0.0	0.0	1.0	0.0	0.0	0.0	0.0	0.0	0.0	0.0	0.0	0.0	0.0	0.0	0.0	0.0	0.0	0.0
ASV_4395	0.0	0.0	0.0	2.0	0.0	0.0	0.0	0.0	0.0	0.0	2.0	0.0	0.0	0.0	0.0	2.0	0.0	0.0	0.0	0.0	14.0	0.0	0.0	0.0	0.0	0.0	0.0	0.0	0.0	0.0	0.0	0.0	0.0	0.0	0.0	0.0
ASV_4398	0.0	0.0	0.0	0.0	9.0	0.0	0.0	0.0	0.0	0.0	0.0	0.0	0.0	0.0	0.0	0.0	0.0	2.0	0.0	0.0	0.0	6.0	0.0	0.0	3.0	0.0	0.0	0.0	0.0	0.0	0.0	0.0	0.0	0.0	0.0	0.0
ASV_4400	0.0	0.0	0.0	0.0	0.0	0.0	0.0	0.0	0.0	4.0	0.0	0.0	0.0	0.0	0.0	0.0	0.0	0.0	0.0	0.0	0.0	0.0	0.0	0.0	0.0	0.0	0.0	0.0	0.0	0.0	0.0	16.0	0.0	0.0	0.0	0.0
ASV_4401	0.0	0.0	0.0	0.0	0.0	0.0	0.0	4.0	0.0	0.0	0.0	0.0	4.0	3.0	0.0	2.0	0.0	0.0	0.0	0.0	0.0	0.0	0.0	0.0	0.0	0.0	0.0	0.0	0.0	0.0	0.0	7.0	0.0	0.0	0.0	0.0
ASV_4403	0.0	0.0	0.0	0.0	0.0	0.0	0.0	0.0	0.0	0.0	2.0	0.0	0.0	8.0	0.0	0.0	0.0	0.0	2.0	0.0	8.0	0.0	0.0	0.0	0.0	0.0	0.0	0.0	0.0	0.0	0.0	0.0	0.0	0.0	0.0	0.0
ASV_4405	0.0	0.0	0.0	0.0	0.0	0.0	0.0	0.0	0.0	0.0	5.0	0.0	3.0	4.0	0.0	2.0	0.0	0.0	0.0	0.0	4.0	0.0	2.0	0.0	0.0	0.0	0.0	0.0	0.0	0.0	0.0	0.0	0.0	0.0	0.0	0.0
ASV_4406	0.0	0.0	0.0	3.0	0.0	0.0	0.0	0.0	0.0	0.0	2.0	0.0	0.0	6.0	0.0	6.0	0.0	0.0	0.0	0.0	0.0	0.0	0.0	0.0	0.0	0.0	0.0	0.0	0.0	0.0	0.0	3.0	0.0	0.0	0.0	0.0
ASV_4408	0.0	0.0	0.0	0.0	0.0	0.0	0.0	0.0	0.0	0.0	0.0	2.0	0.0	0.0	0.0	0.0	2.0	2.0	0.0	0.0	0.0	4.0	0.0	0.0	5.0	0.0	0.0	0.0	0.0	0.0	0.0	5.0	0.0	0.0	0.0	0.0
ASV_4410	5.0	0.0	0.0	0.0	0.0	0.0	0.0	0.0	0.0	0.0	0.0	0.0	0.0	0.0	4.0	0.0	0.0	0.0	0.0	0.0	0.0	0.0	0.0	0.0	0.0	5.0	0.0	0.0	0.0	0.0	0.0	0.0	0.0	0.0	6.0	0.0
ASV_4417	0.0	0.0	0.0	3.0	0.0	0.0	0.0	0.0	0.0	0.0	4.0	0.0	0.0	0.0	0.0	0.0	0.0	0.0	0.0	0.0	11.0	0.0	0.0	0.0	0.0	0.0	0.0	0.0	0.0	0.0	0.0	2.0	0.0	0.0	0.0	0.0
ASV_4418	0.0	0.0	0.0	0.0	0.0	0.0	0.0	4.0	0.0	0.0	0.0	0.0	4.0	0.0	0.0	0.0	0.0	0.0	0.0	0.0	0.0	0.0	3.0	0.0	0.0	0.0	0.0	0.0	0.0	0.0	0.0	9.0	0.0	0.0	0.0	0.0
ASV_4420	0.0	0.0	0.0	0.0	0.0	0.0	6.0	0.0	0.0	0.0	0.0	0.0	0.0	0.0	0.0	0.0	0.0	0.0	0.0	2.0	0.0	0.0	0.0	2.0	0.0	0.0	1.0	1.0	0.0	0.0	0.0	0.0	6.0	2.0	0.0	0.0
ASV_4424	0.0	0.0	0.0	0.0	0.0	0.0	0.0	0.0	10.0	0.0	0.0	4.0	0.0	0.0	0.0	0.0	2.0	0.0	0.0	0.0	0.0	0.0	0.0	0.0	0.0	0.0	0.0	0.0	0.0	0.0	0.0	4.0	0.0	0.0	0.0	0.0
ASV_4425	0.0	0.0	3.0	4.0	0.0	2.0	0.0	0.0	0.0	0.0	2.0	0.0	0.0	4.0	0.0	5.0	0.0	0.0	0.0	0.0	0.0	0.0	0.0	0.0	0.0	0.0	0.0	0.0	0.0	0.0	0.0	0.0	0.0	0.0	0.0	0.0
ASV_4427	0.0	0.0	0.0	0.0	0.0	0.0	0.0	0.0	4.0	0.0	0.0	0.0	9.0	0.0	0.0	0.0	0.0	0.0	0.0	0.0	0.0	0.0	0.0	0.0	0.0	0.0	0.0	0.0	0.0	4.0	0.0	3.0	0.0	0.0	0.0	0.0
ASV_4428	0.0	0.0	0.0	0.0	0.0	2.0	0.0	4.0	0.0	3.0	0.0	2.0	2.0	0.0	0.0	0.0	0.0	0.0	0.0	0.0	0.0	0.0	4.0	0.0	0.0	0.0	0.0	0.0	0.0	0.0	0.0	3.0	0.0	0.0	0.0	0.0
ASV_4429	0.0	5.0	0.0	0.0	0.0	0.0	0.0	0.0	0.0	0.0	0.0	0.0	2.0	0.0	3.0	0.0	3.0	0.0	0.0	0.0	0.0	0.0	0.0	0.0	0.0	4.0	0.0	0.0	0.0	0.0	0.0	0.0	0.0	0.0	3.0	0.0
ASV_4433	0.0	0.0	0.0	0.0	3.0	0.0	0.0	3.0	0.0	2.0	0.0	0.0	0.0	0.0	0.0	0.0	0.0	0.0	0.0	0.0	0.0	5.0	0.0	0.0	0.0	0.0	0.0	0.0	0.0	0.0	0.0	7.0	0.0	0.0	0.0	0.0
ASV_4434	0.0	0.0	0.0	0.0	0.0	0.0	0.0	0.0	0.0	7.0	0.0	0.0	2.0	0.0	0.0	0.0	0.0	0.0	0.0	0.0	0.0	0.0	5.0	0.0	0.0	0.0	0.0	0.0	0.0	0.0	0.0	6.0	0.0	0.0	0.0	0.0
ASV_4436	0.0	0.0	0.0	0.0	2.0	0.0	0.0	0.0	0.0	0.0	0.0	0.0	0.0	0.0	0.0	0.0	0.0	0.0	0.0	0.0	0.0	8.0	0.0	0.0	7.0	0.0	0.0	0.0	0.0	3.0	0.0	0.0	0.0	0.0	0.0	0.0
ASV_4437	0.0	0.0	0.0	0.0	0.0	5.0	0.0	3.0	0.0	0.0	0.0	0.0	2.0	0.0	0.0	0.0	0.0	0.0	0.0	0.0	0.0	0.0	10.0	0.0	0.0	0.0	0.0	0.0	0.0	0.0	0.0	0.0	0.0	0.0	0.0	0.0
ASV_4440	0.0	0.0	0.0	0.0	0.0	0.0	0.0	1.0	0.0	0.0	0.0	0.0	10.0	0.0	0.0	0.0	0.0	0.0	0.0	0.0	0.0	0.0	7.0	0.0	0.0	0.0	0.0	0.0	0.0	0.0	0.0	2.0	0.0	0.0	0.0	0.0
ASV_4443	0.0	0.0	0.0	0.0	0.0	0.0	0.0	3.0	0.0	0.0	0.0	0.0	6.0	0.0	0.0	0.0	0.0	0.0	0.0	0.0	0.0	0.0	2.0	0.0	0.0	0.0	0.0	0.0	0.0	0.0	0.0	9.0	0.0	0.0	0.0	0.0
ASV_4444	0.0	0.0	0.0	0.0	0.0	0.0	0.0	0.0	0.0	0.0	0.0	0.0	0.0	0.0	0.0	0.0	0.0	4.0	0.0	0.0	0.0	0.0	0.0	0.0	16.0	0.0	0.0	0.0	0.0	0.0	0.0	0.0	0.0	0.0	0.0	0.0
ASV_4446	0.0	0.0	0.0	0.0	0.0	0.0	0.0	2.0	0.0	3.0	0.0	0.0	2.0	0.0	0.0	0.0	0.0	0.0	0.0	0.0	0.0	0.0	9.0	0.0	0.0	0.0	0.0	0.0	0.0	0.0	0.0	4.0	0.0	0.0	0.0	0.0
ASV_4448	0.0	0.0	0.0	0.0	0.0	0.0	10.0	0.0	0.0	0.0	0.0	0.0	0.0	0.0	0.0	0.0	0.0	0.0	0.0	4.0	0.0	0.0	0.0	0.0	0.0	0.0	2.0	4.0	0.0	0.0	0.0	0.0	0.0	0.0	0.0	0.0
ASV_4449	0.0	0.0	0.0	0.0	0.0	0.0	0.0	0.0	0.0	0.0	0.0	0.0	0.0	0.0	0.0	0.0	0.0	0.0	0.0	8.0	0.0	0.0	0.0	0.0	0.0	0.0	12.0	0.0	0.0	0.0	0.0	0.0	0.0	0.0	0.0	0.0
